1.953125e-02 1.050494e+00 
3.906250e-02 1.021534e+00 
5.859375e-02 1.039543e+00 
7.812500e-02 1.015854e+00 
9.765625e-02 1.028550e+00 
1.171875e-01 1.033544e+00 
1.367188e-01 1.027909e+00 
1.562500e-01 9.639327e-01 
1.757812e-01 1.002986e+00 
1.953125e-01 9.675985e-01 
2.148438e-01 8.748862e-01 
2.343750e-01 8.476667e-01 
2.539062e-01 8.030305e-01 
2.734375e-01 8.434746e-01 
2.929688e-01 7.395062e-01 
3.125000e-01 6.672781e-01 
3.320312e-01 6.442594e-01 
3.515625e-01 5.881222e-01 
3.710938e-01 5.331610e-01 
3.906250e-01 5.064694e-01 
4.101562e-01 4.369409e-01 
4.296875e-01 3.518489e-01 
4.492188e-01 3.130125e-01 
4.687500e-01 2.784655e-01 
4.882812e-01 2.224878e-01 
5.078125e-01 1.795351e-01 
5.273438e-01 1.458669e-01 
5.468750e-01 1.113971e-01 
5.664062e-01 7.912805e-02 
5.859375e-01 6.128661e-02 
6.054688e-01 4.700796e-02 
6.250000e-01 3.177522e-02 
6.445312e-01 2.094517e-02 
6.640625e-01 1.437968e-02 
6.835938e-01 8.960413e-03 
7.031250e-01 5.483121e-03 
7.226562e-01 3.650833e-03 
7.421875e-01 1.953743e-03 
7.617188e-01 1.024502e-03 
7.812500e-01 5.351815e-04 
8.007812e-01 2.644311e-04 
8.203125e-01 1.273070e-04 
8.398438e-01 4.910383e-05 
8.593750e-01 1.928980e-05 
8.789062e-01 7.107245e-06 
8.984375e-01 3.058102e-06 
9.179688e-01 1.591689e-06 
9.375000e-01 1.149450e-06 
9.570312e-01 9.560306e-07 
9.765625e-01 8.197336e-07 
9.960938e-01 7.193739e-07 
1.015625e+00 6.304419e-07 
1.035156e+00 5.666799e-07 
1.054688e+00 5.161717e-07 
1.074219e+00 5.187282e-07 
1.093750e+00 7.362094e-07 
1.113281e+00 1.499406e-06 
1.132812e+00 3.579396e-06 
1.152344e+00 8.008052e-06 
1.171875e+00 1.798720e-05 
1.191406e+00 3.459403e-05 
1.210938e+00 5.744817e-05 
1.230469e+00 9.622575e-05 
1.250000e+00 1.475940e-04 
1.269531e+00 2.411005e-04 
1.289062e+00 3.204703e-04 
1.308594e+00 4.094876e-04 
1.328125e+00 5.503221e-04 
1.347656e+00 6.855752e-04 
1.367188e+00 8.097865e-04 
1.386719e+00 9.974033e-04 
1.406250e+00 1.110078e-03 
1.425781e+00 1.110093e-03 
1.445312e+00 1.191119e-03 
1.464844e+00 1.303632e-03 
1.484375e+00 1.248823e-03 
1.503906e+00 1.191618e-03 
1.523438e+00 1.126946e-03 
1.542969e+00 1.021329e-03 
1.562500e+00 8.268666e-04 
1.582031e+00 7.191339e-04 
1.601562e+00 6.356557e-04 
1.621094e+00 4.908510e-04 
1.640625e+00 3.582165e-04 
1.660156e+00 2.753556e-04 
1.679688e+00 1.917763e-04 
1.699219e+00 1.279214e-04 
1.718750e+00 9.313809e-05 
1.738281e+00 5.684122e-05 
1.757812e+00 3.179663e-05 
1.777344e+00 1.833753e-05 
1.796875e+00 9.656526e-06 
1.816406e+00 5.117652e-06 
1.835938e+00 2.158246e-06 
1.855469e+00 8.679250e-07 
1.875000e+00 3.271817e-07 
1.894531e+00 1.222763e-07 
1.914062e+00 5.059172e-08 
1.933594e+00 3.340726e-08 
1.953125e+00 2.679259e-08 
1.972656e+00 2.641557e-08 
1.992188e+00 2.316748e-08 
2.011719e+00 2.351906e-08 
2.031250e+00 2.103601e-08 
2.050781e+00 2.219272e-08 
2.070312e+00 2.281336e-08 
2.089844e+00 3.906232e-08 
2.109375e+00 8.971674e-08 
2.128906e+00 2.457495e-07 
2.148438e+00 5.836418e-07 
2.167969e+00 1.394662e-06 
2.187500e+00 2.931444e-06 
2.207031e+00 5.080661e-06 
2.226562e+00 8.979691e-06 
2.246094e+00 1.429244e-05 
2.265625e+00 2.411319e-05 
2.285156e+00 3.496944e-05 
2.304688e+00 4.515739e-05 
2.324219e+00 6.304821e-05 
2.343750e+00 8.274071e-05 
2.363281e+00 9.998311e-05 
2.382812e+00 1.274534e-04 
2.402344e+00 1.499597e-04 
2.421875e+00 1.551839e-04 
2.441406e+00 1.684318e-04 
2.460938e+00 1.921378e-04 
2.480469e+00 1.920856e-04 
2.500000e+00 1.885037e-04 
2.519531e+00 1.825502e-04 
2.539062e+00 1.739801e-04 
2.558594e+00 1.449302e-04 
2.578125e+00 1.269553e-04 
2.597656e+00 1.166612e-04 
2.617188e+00 9.443877e-05 
2.636719e+00 7.037613e-05 
2.656250e+00 5.535522e-05 
2.675781e+00 4.016331e-05 
2.695312e+00 2.734274e-05 
2.714844e+00 2.010364e-05 
2.734375e+00 1.322772e-05 
2.753906e+00 7.446415e-06 
2.773438e+00 4.439661e-06 
2.792969e+00 2.390733e-06 
2.812500e+00 1.309799e-06 
2.832031e+00 5.913154e-07 
2.851562e+00 2.365098e-07 
2.871094e+00 9.369096e-08 
2.890625e+00 3.157513e-08 
2.910156e+00 1.202325e-08 
2.929688e+00 5.939463e-09 
2.949219e+00 4.975523e-09 
2.968750e+00 4.383675e-09 
2.988281e+00 4.426510e-09 
3.007812e+00 4.055624e-09 
3.027344e+00 4.202138e-09 
3.046875e+00 3.991998e-09 
3.066406e+00 4.916030e-09 
3.085938e+00 7.609736e-09 
3.105469e+00 2.006570e-08 
3.125000e+00 5.729709e-08 
3.144531e+00 1.490141e-07 
3.164062e+00 3.549996e-07 
3.183594e+00 8.024314e-07 
3.203125e+00 1.441654e-06 
3.222656e+00 2.588131e-06 
3.242188e+00 4.242524e-06 
3.261719e+00 7.178876e-06 
3.281250e+00 1.111213e-05 
3.300781e+00 1.441624e-05 
3.320312e+00 2.034558e-05 
3.339844e+00 2.762172e-05 
3.359375e+00 3.386399e-05 
3.378906e+00 4.367043e-05 
3.398438e+00 5.334189e-05 
3.417969e+00 5.680941e-05 
3.437500e+00 6.138467e-05 
3.457031e+00 7.112198e-05 
3.476562e+00 7.388232e-05 
3.496094e+00 7.326455e-05 
3.515625e+00 7.196984e-05 
3.535156e+00 7.046396e-05 
3.554688e+00 6.039230e-05 
3.574219e+00 5.260821e-05 
3.593750e+00 4.916271e-05 
3.613281e+00 4.142403e-05 
3.632812e+00 3.140936e-05 
3.652344e+00 2.478448e-05 
3.671875e+00 1.856725e-05 
3.691406e+00 1.287844e-05 
3.710938e+00 9.364105e-06 
3.730469e+00 6.580238e-06 
3.750000e+00 3.737065e-06 
3.769531e+00 2.263094e-06 
3.789062e+00 1.245983e-06 
3.808594e+00 6.918794e-07 
3.828125e+00 3.343922e-07 
3.847656e+00 1.322298e-07 
3.867188e+00 5.425999e-08 
3.886719e+00 1.827155e-08 
3.906250e+00 6.184166e-09 
3.925781e+00 2.684750e-09 
3.945312e+00 1.867417e-09 
3.964844e+00 1.699794e-09 
3.984375e+00 1.593603e-09 
4.003906e+00 1.602108e-09 
4.023438e+00 1.546655e-09 
4.042969e+00 1.643520e-09 
4.062500e+00 1.846040e-09 
4.082031e+00 3.271342e-09 
4.101562e+00 8.526634e-09 
4.121094e+00 2.528448e-08 
4.140625e+00 6.928772e-08 
4.160156e+00 1.682970e-07 
4.179688e+00 3.956831e-07 
4.199219e+00 7.431422e-07 
4.218750e+00 1.329072e-06 
4.238281e+00 2.259710e-06 
4.257812e+00 3.770751e-06 
4.277344e+00 6.214858e-06 
4.296875e+00 8.147962e-06 
4.316406e+00 1.149509e-05 
4.335938e+00 1.596638e-05 
4.355469e+00 2.002200e-05 
4.375000e+00 2.577543e-05 
4.394531e+00 3.245988e-05 
4.414062e+00 3.572722e-05 
4.433594e+00 3.828645e-05 
4.453125e+00 4.449483e-05 
4.472656e+00 4.815211e-05 
4.492188e+00 4.807235e-05 
4.511719e+00 4.779708e-05 
4.531250e+00 4.747212e-05 
4.550781e+00 4.214061e-05 
4.570312e+00 3.645305e-05 
4.589844e+00 3.417653e-05 
4.609375e+00 2.991041e-05 
4.628906e+00 2.317263e-05 
4.648438e+00 1.813116e-05 
4.667969e+00 1.406011e-05 
4.687500e+00 9.915592e-06 
4.707031e+00 7.111424e-06 
4.726562e+00 5.247357e-06 
4.746094e+00 3.053932e-06 
4.765625e+00 1.851766e-06 
4.785156e+00 1.046430e-06 
4.804688e+00 5.871263e-07 
4.824219e+00 2.982454e-07 
4.843750e+00 1.214639e-07 
4.863281e+00 4.978597e-08 
4.882812e+00 1.755844e-08 
4.902344e+00 5.765369e-09 
4.921875e+00 2.121838e-09 
4.941406e+00 1.356766e-09 
4.960938e+00 1.139630e-09 
4.980469e+00 1.138797e-09 
5.000000e+00 1.083615e-09 
