1.953125e-02 9.972700e-01 
3.906250e-02 1.042543e+00 
5.859375e-02 1.041723e+00 
7.812500e-02 9.984059e-01 
9.765625e-02 1.022662e+00 
1.171875e-01 1.051360e+00 
1.367188e-01 9.997311e-01 
1.562500e-01 9.612040e-01 
1.757812e-01 1.027636e+00 
1.953125e-01 1.030360e+00 
2.148438e-01 1.026535e+00 
2.343750e-01 1.030114e+00 
2.539062e-01 9.862826e-01 
2.734375e-01 1.028246e+00 
2.929688e-01 9.922770e-01 
3.125000e-01 1.015144e+00 
3.320312e-01 1.026303e+00 
3.515625e-01 9.773282e-01 
3.710938e-01 9.305442e-01 
3.906250e-01 9.268542e-01 
4.101562e-01 8.851452e-01 
4.296875e-01 8.011224e-01 
4.492188e-01 6.607857e-01 
4.687500e-01 4.780656e-01 
4.882812e-01 3.225455e-01 
5.078125e-01 1.797386e-01 
5.273438e-01 9.546848e-02 
5.468750e-01 3.945006e-02 
5.664062e-01 1.473239e-02 
5.859375e-01 4.254281e-03 
6.054688e-01 1.038465e-03 
6.250000e-01 2.392317e-04 
6.445312e-01 6.123466e-05 
6.640625e-01 2.510647e-05 
6.835938e-01 1.655771e-05 
7.031250e-01 1.071902e-05 
7.226562e-01 8.852652e-06 
7.421875e-01 6.187025e-06 
7.617188e-01 5.434823e-06 
7.812500e-01 3.950426e-06 
8.007812e-01 3.591449e-06 
8.203125e-01 2.689905e-06 
8.398438e-01 2.500177e-06 
8.593750e-01 1.918418e-06 
8.789062e-01 1.810315e-06 
8.984375e-01 1.417402e-06 
9.179688e-01 1.352020e-06 
9.375000e-01 1.076962e-06 
9.570312e-01 1.035410e-06 
9.765625e-01 8.371638e-07 
9.960938e-01 8.096110e-07 
1.015625e+00 6.632281e-07 
1.035156e+00 6.442617e-07 
1.054688e+00 5.339440e-07 
1.074219e+00 5.204395e-07 
1.093750e+00 4.358421e-07 
1.113281e+00 4.259202e-07 
1.132812e+00 3.600789e-07 
1.152344e+00 3.525679e-07 
1.171875e+00 3.006928e-07 
1.191406e+00 2.948422e-07 
1.210938e+00 2.536080e-07 
1.230469e+00 2.489472e-07 
1.250000e+00 2.161228e-07 
1.269531e+00 2.125160e-07 
1.289062e+00 1.876374e-07 
1.308594e+00 1.885011e-07 
1.328125e+00 1.924805e-07 
1.347656e+00 3.415739e-07 
1.367188e+00 1.075321e-06 
1.386719e+00 4.036672e-06 
1.406250e+00 1.320289e-05 
1.425781e+00 3.421999e-05 
1.445312e+00 6.872135e-05 
1.464844e+00 1.066226e-04 
1.484375e+00 1.377122e-04 
1.503906e+00 1.338853e-04 
1.523438e+00 1.152080e-04 
1.542969e+00 7.233285e-05 
1.562500e+00 3.936533e-05 
1.582031e+00 1.571888e-05 
1.601562e+00 5.033632e-06 
1.621094e+00 1.343287e-06 
1.640625e+00 3.116863e-07 
1.660156e+00 1.125102e-07 
1.679688e+00 6.606189e-08 
1.699219e+00 5.733666e-08 
1.718750e+00 5.067255e-08 
1.738281e+00 4.865879e-08 
1.757812e+00 4.426159e-08 
1.777344e+00 4.315416e-08 
1.796875e+00 3.953540e-08 
1.816406e+00 3.878293e-08 
1.835938e+00 3.565124e-08 
1.855469e+00 3.509352e-08 
1.875000e+00 3.232877e-08 
1.894531e+00 3.189685e-08 
1.914062e+00 2.943122e-08 
1.933594e+00 2.909017e-08 
1.953125e+00 2.687641e-08 
1.972656e+00 2.660685e-08 
1.992188e+00 2.460793e-08 
2.011719e+00 2.439881e-08 
2.031250e+00 2.258364e-08 
2.050781e+00 2.242929e-08 
2.070312e+00 2.077067e-08 
2.089844e+00 2.066976e-08 
2.109375e+00 1.914294e-08 
2.128906e+00 1.909879e-08 
2.148438e+00 1.768050e-08 
2.167969e+00 1.770317e-08 
2.187500e+00 1.637096e-08 
2.207031e+00 1.648307e-08 
2.226562e+00 1.521677e-08 
2.246094e+00 1.547185e-08 
2.265625e+00 1.426469e-08 
2.285156e+00 1.483041e-08 
2.304688e+00 1.392327e-08 
2.324219e+00 1.702432e-08 
2.343750e+00 2.918369e-08 
2.363281e+00 9.866146e-08 
2.382812e+00 3.937485e-07 
2.402344e+00 1.358549e-06 
2.421875e+00 3.768635e-06 
2.441406e+00 8.365805e-06 
2.460938e+00 1.369352e-05 
2.480469e+00 1.931301e-05 
2.500000e+00 1.988986e-05 
2.519531e+00 1.839622e-05 
2.539062e+00 1.241121e-05 
2.558594e+00 7.217397e-06 
2.578125e+00 3.120069e-06 
2.597656e+00 1.069238e-06 
2.617188e+00 2.931472e-07 
2.636719e+00 6.837744e-08 
2.656250e+00 1.791144e-08 
2.675781e+00 9.918076e-09 
2.695312e+00 7.363267e-09 
2.714844e+00 7.343923e-09 
2.734375e+00 6.533210e-09 
2.753906e+00 6.639965e-09 
2.773438e+00 6.067704e-09 
2.792969e+00 6.149110e-09 
2.812500e+00 5.694463e-09 
2.832031e+00 5.749496e-09 
2.851562e+00 5.368296e-09 
2.871094e+00 5.402606e-09 
2.890625e+00 5.073383e-09 
2.910156e+00 5.092201e-09 
2.929688e+00 4.802793e-09 
2.949219e+00 4.810072e-09 
2.968750e+00 4.552861e-09 
2.988281e+00 4.551449e-09 
3.007812e+00 4.321350e-09 
3.027344e+00 4.313284e-09 
3.046875e+00 4.106815e-09 
3.066406e+00 4.093571e-09 
3.085938e+00 3.908426e-09 
3.105469e+00 3.891148e-09 
3.125000e+00 3.726103e-09 
3.144531e+00 3.705897e-09 
3.164062e+00 3.561088e-09 
3.183594e+00 3.539625e-09 
3.203125e+00 3.417610e-09 
3.222656e+00 3.398974e-09 
3.242188e+00 3.307910e-09 
3.261719e+00 3.306594e-09 
3.281250e+00 3.275190e-09 
3.300781e+00 3.378867e-09 
3.320312e+00 3.902469e-09 
3.339844e+00 7.333838e-09 
3.359375e+00 2.429451e-08 
3.378906e+00 1.059907e-07 
3.398438e+00 3.848948e-07 
3.417969e+00 1.136680e-06 
3.437500e+00 2.692862e-06 
3.457031e+00 4.663504e-06 
3.476562e+00 6.978069e-06 
3.496094e+00 7.619401e-06 
3.515625e+00 7.355828e-06 
3.535156e+00 5.353508e-06 
3.554688e+00 3.233144e-06 
3.574219e+00 1.517067e-06 
3.593750e+00 5.452218e-07 
3.613281e+00 1.578797e-07 
3.632812e+00 3.680119e-08 
3.652344e+00 8.912993e-09 
3.671875e+00 3.475661e-09 
3.691406e+00 2.427939e-09 
3.710938e+00 2.170027e-09 
3.730469e+00 2.060194e-09 
3.750000e+00 1.966708e-09 
3.769531e+00 1.915246e-09 
3.789062e+00 1.854062e-09 
3.808594e+00 1.819139e-09 
3.828125e+00 1.770755e-09 
3.847656e+00 1.743248e-09 
3.867188e+00 1.701540e-09 
3.886719e+00 1.678252e-09 
3.906250e+00 1.640735e-09 
3.925781e+00 1.620347e-09 
3.945312e+00 1.585849e-09 
3.964844e+00 1.567774e-09 
3.984375e+00 1.535658e-09 
4.003906e+00 1.519664e-09 
4.023438e+00 1.489543e-09 
4.042969e+00 1.475618e-09 
4.062500e+00 1.447253e-09 
4.082031e+00 1.435587e-09 
4.101562e+00 1.408877e-09 
4.121094e+00 1.399919e-09 
4.140625e+00 1.375007e-09 
4.160156e+00 1.369669e-09 
4.179688e+00 1.347289e-09 
4.199219e+00 1.347476e-09 
4.218750e+00 1.330107e-09 
4.238281e+00 1.340345e-09 
4.257812e+00 1.336910e-09 
4.277344e+00 1.371442e-09 
4.296875e+00 1.432412e-09 
4.316406e+00 1.665686e-09 
4.335938e+00 3.178320e-09 
4.355469e+00 1.064616e-08 
4.375000e+00 4.900026e-08 
4.394531e+00 1.879143e-07 
4.414062e+00 5.875625e-07 
4.433594e+00 1.479225e-06 
4.453125e+00 2.728660e-06 
4.472656e+00 4.240213e-06 
4.492188e+00 4.978452e-06 
4.511719e+00 4.935337e-06 
4.531250e+00 3.878330e-06 
4.550781e+00 2.421230e-06 
4.570312e+00 1.218692e-06 
4.589844e+00 4.634695e-07 
4.609375e+00 1.393052e-07 
4.628906e+00 3.460229e-08 
4.648438e+00 7.423220e-09 
4.667969e+00 2.441660e-09 
4.687500e+00 1.370947e-09 
4.707031e+00 1.244874e-09 
4.726562e+00 1.118865e-09 
4.746094e+00 1.121819e-09 
4.765625e+00 1.064526e-09 
4.785156e+00 1.073229e-09 
4.804688e+00 1.039049e-09 
4.824219e+00 1.047801e-09 
4.843750e+00 1.024724e-09 
4.863281e+00 1.032695e-09 
4.882812e+00 1.015911e-09 
4.902344e+00 1.023323e-09 
4.921875e+00 1.010450e-09 
4.941406e+00 1.017760e-09 
4.960938e+00 1.007427e-09 
4.980469e+00 1.015147e-09 
5.000000e+00 1.006456e-09 
