1.953125e-02 1.019006e+00 
3.906250e-02 1.011919e+00 
5.859375e-02 1.018115e+00 
7.812500e-02 1.038887e+00 
9.765625e-02 1.020648e+00 
1.171875e-01 9.740640e-01 
1.367188e-01 1.011639e+00 
1.562500e-01 9.902409e-01 
1.757812e-01 9.478356e-01 
1.953125e-01 1.048551e+00 
2.148438e-01 9.777459e-01 
2.343750e-01 9.310631e-01 
2.539062e-01 9.557966e-01 
2.734375e-01 9.541300e-01 
2.929688e-01 9.755793e-01 
3.125000e-01 9.397047e-01 
3.320312e-01 8.654272e-01 
3.515625e-01 7.901828e-01 
3.710938e-01 7.043414e-01 
3.906250e-01 6.282288e-01 
4.101562e-01 5.349671e-01 
4.296875e-01 4.481754e-01 
4.492188e-01 4.234744e-01 
4.687500e-01 3.326704e-01 
4.882812e-01 2.404677e-01 
5.078125e-01 1.757111e-01 
5.273438e-01 1.354175e-01 
5.468750e-01 9.905658e-02 
5.664062e-01 5.974517e-02 
5.859375e-01 3.533793e-02 
6.054688e-01 2.259266e-02 
6.250000e-01 1.271270e-02 
6.445312e-01 6.961455e-03 
6.640625e-01 3.680072e-03 
6.835938e-01 1.728066e-03 
7.031250e-01 7.823208e-04 
7.226562e-01 3.099245e-04 
7.421875e-01 1.148896e-04 
7.617188e-01 3.944968e-05 
7.812500e-01 1.444415e-05 
8.007812e-01 6.393381e-06 
8.203125e-01 3.439717e-06 
8.398438e-01 2.481771e-06 
8.593750e-01 1.927853e-06 
8.789062e-01 1.625749e-06 
8.984375e-01 1.357073e-06 
9.179688e-01 1.184905e-06 
9.375000e-01 1.009405e-06 
9.570312e-01 8.967129e-07 
9.765625e-01 7.742563e-07 
9.960938e-01 6.969376e-07 
1.015625e+00 6.082933e-07 
1.035156e+00 5.532947e-07 
1.054688e+00 4.875028e-07 
1.074219e+00 4.472893e-07 
1.093750e+00 3.978214e-07 
1.113281e+00 3.679314e-07 
1.132812e+00 3.331345e-07 
1.152344e+00 3.172076e-07 
1.171875e+00 3.360808e-07 
1.191406e+00 4.965532e-07 
1.210938e+00 9.598719e-07 
1.230469e+00 2.256641e-06 
1.250000e+00 5.548936e-06 
1.269531e+00 1.277243e-05 
1.289062e+00 2.769977e-05 
1.308594e+00 5.214026e-05 
1.328125e+00 8.851254e-05 
1.347656e+00 1.393445e-04 
1.367188e+00 2.029465e-04 
1.386719e+00 2.805586e-04 
1.406250e+00 3.605371e-04 
1.425781e+00 4.276111e-04 
1.445312e+00 5.627160e-04 
1.464844e+00 6.084603e-04 
1.484375e+00 5.824194e-04 
1.503906e+00 5.410108e-04 
1.523438e+00 5.264246e-04 
1.542969e+00 4.806473e-04 
1.562500e+00 3.650654e-04 
1.582031e+00 2.534371e-04 
1.601562e+00 1.936144e-04 
1.621094e+00 1.291477e-04 
1.640625e+00 8.248628e-05 
1.660156e+00 5.037416e-05 
1.679688e+00 2.724704e-05 
1.699219e+00 1.412602e-05 
1.718750e+00 6.399835e-06 
1.738281e+00 2.586861e-06 
1.757812e+00 9.649201e-07 
1.777344e+00 3.524806e-07 
1.796875e+00 1.399872e-07 
1.816406e+00 6.682074e-08 
1.835938e+00 4.283906e-08 
1.855469e+00 3.627253e-08 
1.875000e+00 3.240086e-08 
1.894531e+00 3.076853e-08 
1.914062e+00 2.844912e-08 
1.933594e+00 2.744542e-08 
1.953125e+00 2.552264e-08 
1.972656e+00 2.480996e-08 
1.992188e+00 2.314542e-08 
2.011719e+00 2.262710e-08 
2.031250e+00 2.115733e-08 
2.050781e+00 2.079296e-08 
2.070312e+00 1.948633e-08 
2.089844e+00 1.927022e-08 
2.109375e+00 1.813578e-08 
2.128906e+00 1.831581e-08 
2.148438e+00 1.797789e-08 
2.167969e+00 2.081889e-08 
2.187500e+00 3.242494e-08 
2.207031e+00 7.240860e-08 
2.226562e+00 1.751061e-07 
2.246094e+00 4.675670e-07 
2.265625e+00 1.128902e-06 
2.285156e+00 2.567898e-06 
2.304688e+00 5.174682e-06 
2.324219e+00 9.102690e-06 
2.343750e+00 1.530813e-05 
2.363281e+00 2.319077e-05 
2.382812e+00 3.333993e-05 
2.402344e+00 4.548488e-05 
2.421875e+00 5.502169e-05 
2.441406e+00 7.449079e-05 
2.460938e+00 8.674687e-05 
2.480469e+00 8.663089e-05 
2.500000e+00 8.228663e-05 
2.519531e+00 8.235121e-05 
2.539062e+00 7.841731e-05 
2.558594e+00 6.420601e-05 
2.578125e+00 4.500740e-05 
2.597656e+00 3.537404e-05 
2.617188e+00 2.467168e-05 
2.636719e+00 1.629044e-05 
2.656250e+00 1.027017e-05 
2.675781e+00 5.793039e-06 
2.695312e+00 3.131202e-06 
2.714844e+00 1.482038e-06 
2.734375e+00 6.139510e-07 
2.753906e+00 2.397969e-07 
2.773438e+00 8.758735e-08 
2.792969e+00 3.259510e-08 
2.812500e+00 1.386740e-08 
2.832031e+00 7.688435e-09 
2.851562e+00 6.109564e-09 
2.871094e+00 5.581006e-09 
2.890625e+00 5.193828e-09 
2.910156e+00 5.052367e-09 
2.929688e+00 4.782171e-09 
2.949219e+00 4.696548e-09 
2.968750e+00 4.466911e-09 
2.988281e+00 4.412861e-09 
3.007812e+00 4.210844e-09 
3.027344e+00 4.177427e-09 
3.046875e+00 3.999993e-09 
3.066406e+00 3.984780e-09 
3.085938e+00 3.833884e-09 
3.105469e+00 3.846874e-09 
3.125000e+00 3.753233e-09 
3.144531e+00 3.927092e-09 
3.164062e+00 4.574312e-09 
3.183594e+00 7.611206e-09 
3.203125e+00 1.706784e-08 
3.222656e+00 4.541330e-08 
3.242188e+00 1.200498e-07 
3.261719e+00 3.125483e-07 
3.281250e+00 7.267631e-07 
3.300781e+00 1.525977e-06 
3.320312e+00 2.781512e-06 
3.339844e+00 4.850163e-06 
3.359375e+00 7.488514e-06 
3.378906e+00 1.102969e-05 
3.398438e+00 1.559096e-05 
3.417969e+00 1.917086e-05 
3.437500e+00 2.589354e-05 
3.457031e+00 3.210311e-05 
3.476562e+00 3.300786e-05 
3.496094e+00 3.179790e-05 
3.515625e+00 3.200135e-05 
3.535156e+00 3.129222e-05 
3.554688e+00 2.716956e-05 
3.574219e+00 1.930089e-05 
3.593750e+00 1.516125e-05 
3.613281e+00 1.105213e-05 
3.632812e+00 7.428667e-06 
3.652344e+00 4.761857e-06 
3.671875e+00 2.810845e-06 
3.691406e+00 1.540595e-06 
3.710938e+00 7.605575e-07 
3.730469e+00 3.216552e-07 
3.750000e+00 1.309319e-07 
3.769531e+00 4.733944e-08 
3.789062e+00 1.673319e-08 
3.808594e+00 6.668899e-09 
3.828125e+00 3.011761e-09 
3.847656e+00 2.186170e-09 
3.867188e+00 1.879224e-09 
3.886719e+00 1.814092e-09 
3.906250e+00 1.717395e-09 
3.925781e+00 1.702036e-09 
3.945312e+00 1.630052e-09 
3.964844e+00 1.628583e-09 
3.984375e+00 1.568245e-09 
4.003906e+00 1.575886e-09 
4.023438e+00 1.523869e-09 
4.042969e+00 1.539902e-09 
4.062500e+00 1.496707e-09 
4.082031e+00 1.522471e-09 
4.101562e+00 1.497499e-09 
4.121094e+00 1.536985e-09 
4.140625e+00 1.603580e-09 
4.160156e+00 1.907756e-09 
4.179688e+00 3.296508e-09 
4.199219e+00 7.963112e-09 
4.218750e+00 2.093308e-08 
4.238281e+00 5.712184e-08 
4.257812e+00 1.531614e-07 
4.277344e+00 3.621553e-07 
4.296875e+00 7.971359e-07 
4.316406e+00 1.496547e-06 
4.335938e+00 2.675137e-06 
4.355469e+00 4.222462e-06 
4.375000e+00 6.359310e-06 
4.394531e+00 9.185365e-06 
4.414062e+00 1.163719e-05 
4.433594e+00 1.541568e-05 
4.453125e+00 2.018266e-05 
4.472656e+00 2.139382e-05 
4.492188e+00 2.093635e-05 
4.511719e+00 2.102398e-05 
4.531250e+00 2.102264e-05 
4.550781e+00 1.912529e-05 
4.570312e+00 1.398061e-05 
4.589844e+00 1.080275e-05 
4.609375e+00 8.212078e-06 
4.628906e+00 5.590389e-06 
4.648438e+00 3.647567e-06 
4.667969e+00 2.238647e-06 
4.687500e+00 1.238477e-06 
4.707031e+00 6.342413e-07 
4.726562e+00 2.785255e-07 
4.746094e+00 1.153473e-07 
4.765625e+00 4.232191e-08 
4.785156e+00 1.485898e-08 
4.804688e+00 5.753835e-09 
4.824219e+00 2.310570e-09 
4.843750e+00 1.450599e-09 
4.863281e+00 1.223505e-09 
4.882812e+00 1.151738e-09 
4.902344e+00 1.125565e-09 
4.921875e+00 1.101969e-09 
4.941406e+00 1.093941e-09 
4.960938e+00 1.081565e-09 
4.980469e+00 1.081689e-09 
5.000000e+00 1.075592e-09 
