1.953125e-02 9.742796e-01 
3.906250e-02 1.039206e+00 
5.859375e-02 9.864190e-01 
7.812500e-02 9.683218e-01 
9.765625e-02 9.723990e-01 
1.171875e-01 9.793442e-01 
1.367188e-01 9.634045e-01 
1.562500e-01 9.317270e-01 
1.757812e-01 8.735469e-01 
1.953125e-01 8.841993e-01 
2.148438e-01 8.530753e-01 
2.343750e-01 8.102282e-01 
2.539062e-01 8.513626e-01 
2.734375e-01 8.026097e-01 
2.929688e-01 7.466549e-01 
3.125000e-01 6.660230e-01 
3.320312e-01 6.779433e-01 
3.515625e-01 6.504402e-01 
3.710938e-01 5.942270e-01 
3.906250e-01 5.509501e-01 
4.101562e-01 5.322585e-01 
4.296875e-01 5.136556e-01 
4.492188e-01 4.812863e-01 
4.687500e-01 4.551976e-01 
4.882812e-01 4.385889e-01 
5.078125e-01 4.095740e-01 
5.273438e-01 3.632321e-01 
5.468750e-01 3.275067e-01 
5.664062e-01 2.981018e-01 
5.859375e-01 2.694699e-01 
6.054688e-01 2.299237e-01 
6.250000e-01 2.146841e-01 
6.445312e-01 1.940341e-01 
6.640625e-01 1.776703e-01 
6.835938e-01 1.432420e-01 
7.031250e-01 1.324620e-01 
7.226562e-01 1.169863e-01 
7.421875e-01 1.053885e-01 
7.617188e-01 8.143879e-02 
7.812500e-01 6.748336e-02 
8.007812e-01 5.595879e-02 
8.203125e-01 4.276877e-02 
8.398438e-01 3.456195e-02 
8.593750e-01 2.623761e-02 
8.789062e-01 1.946028e-02 
8.984375e-01 1.299980e-02 
9.179688e-01 8.108875e-03 
9.375000e-01 4.672067e-03 
9.570312e-01 2.267606e-03 
9.765625e-01 7.385320e-04 
9.960938e-01 1.272802e-04 
1.015625e+00 3.415716e-04 
1.035156e+00 1.340817e-03 
1.054688e+00 2.839788e-03 
1.074219e+00 4.890003e-03 
1.093750e+00 7.506735e-03 
1.113281e+00 1.057968e-02 
1.132812e+00 1.395952e-02 
1.152344e+00 1.709030e-02 
1.171875e+00 1.985417e-02 
1.191406e+00 2.384371e-02 
1.210938e+00 2.736241e-02 
1.230469e+00 2.993524e-02 
1.250000e+00 3.550849e-02 
1.269531e+00 3.891420e-02 
1.289062e+00 3.992461e-02 
1.308594e+00 3.977295e-02 
1.328125e+00 4.323452e-02 
1.347656e+00 4.684306e-02 
1.367188e+00 4.569064e-02 
1.386719e+00 4.646281e-02 
1.406250e+00 4.687334e-02 
1.425781e+00 4.936926e-02 
1.445312e+00 4.918608e-02 
1.464844e+00 4.933460e-02 
1.484375e+00 5.010013e-02 
1.503906e+00 5.011960e-02 
1.523438e+00 4.686124e-02 
1.542969e+00 4.428362e-02 
1.562500e+00 4.218452e-02 
1.582031e+00 4.023028e-02 
1.601562e+00 3.550555e-02 
1.621094e+00 3.469096e-02 
1.640625e+00 3.219958e-02 
1.660156e+00 3.134717e-02 
1.679688e+00 2.624249e-02 
1.699219e+00 2.457802e-02 
1.718750e+00 2.265132e-02 
1.738281e+00 2.132209e-02 
1.757812e+00 1.731617e-02 
1.777344e+00 1.448957e-02 
1.796875e+00 1.247800e-02 
1.816406e+00 9.944336e-03 
1.835938e+00 8.164502e-03 
1.855469e+00 6.440699e-03 
1.875000e+00 4.972977e-03 
1.894531e+00 3.436037e-03 
1.914062e+00 2.241827e-03 
1.933594e+00 1.349933e-03 
1.953125e+00 6.932511e-04 
1.972656e+00 2.606926e-04 
1.992188e+00 4.741589e-05 
2.011719e+00 6.671877e-05 
2.031250e+00 3.128646e-04 
2.050781e+00 7.297297e-04 
2.070312e+00 1.327221e-03 
2.089844e+00 2.100433e-03 
2.109375e+00 3.055903e-03 
2.128906e+00 4.205590e-03 
2.148438e+00 5.235277e-03 
2.167969e+00 6.301854e-03 
2.187500e+00 7.556475e-03 
2.207031e+00 8.986861e-03 
2.226562e+00 1.001829e-02 
2.246094e+00 1.183266e-02 
2.265625e+00 1.366179e-02 
2.285156e+00 1.406055e-02 
2.304688e+00 1.447525e-02 
2.324219e+00 1.541211e-02 
2.343750e+00 1.746705e-02 
2.363281e+00 1.716853e-02 
2.382812e+00 1.788263e-02 
2.402344e+00 1.784321e-02 
2.421875e+00 1.939040e-02 
2.441406e+00 1.955643e-02 
2.460938e+00 1.982801e-02 
2.480469e+00 2.030041e-02 
2.500000e+00 2.079749e-02 
2.519531e+00 1.981444e-02 
2.539062e+00 1.888221e-02 
2.558594e+00 1.816942e-02 
2.578125e+00 1.757895e-02 
2.597656e+00 1.579469e-02 
2.617188e+00 1.543340e-02 
2.636719e+00 1.445915e-02 
2.656250e+00 1.435346e-02 
2.675781e+00 1.236503e-02 
2.695312e+00 1.131962e-02 
2.714844e+00 1.072938e-02 
2.734375e+00 1.017026e-02 
2.753906e+00 8.600952e-03 
2.773438e+00 7.098647e-03 
2.792969e+00 6.212792e-03 
2.812500e+00 5.097516e-03 
2.832031e+00 4.144616e-03 
2.851562e+00 3.360409e-03 
2.871094e+00 2.632110e-03 
2.890625e+00 1.866626e-03 
2.910156e+00 1.251819e-03 
2.929688e+00 7.714791e-04 
2.949219e+00 4.137538e-04 
2.968750e+00 1.735586e-04 
2.988281e+00 3.626816e-05 
3.007812e+00 2.440724e-05 
3.027344e+00 1.313226e-04 
3.046875e+00 3.420056e-04 
3.066406e+00 6.492752e-04 
3.085938e+00 1.051064e-03 
3.105469e+00 1.570158e-03 
3.125000e+00 2.214809e-03 
3.144531e+00 2.793695e-03 
3.164062e+00 3.450154e-03 
3.183594e+00 4.089360e-03 
3.203125e+00 4.997042e-03 
3.222656e+00 5.649388e-03 
3.242188e+00 6.563704e-03 
3.261719e+00 7.867203e-03 
3.281250e+00 8.133584e-03 
3.300781e+00 8.584254e-03 
3.320312e+00 8.904188e-03 
3.339844e+00 1.034255e-02 
3.359375e+00 1.033075e-02 
3.378906e+00 1.081243e-02 
3.398438e+00 1.074931e-02 
3.417969e+00 1.183051e-02 
3.437500e+00 1.204996e-02 
3.457031e+00 1.227741e-02 
3.476562e+00 1.260874e-02 
3.496094e+00 1.308840e-02 
3.515625e+00 1.269642e-02 
3.535156e+00 1.212292e-02 
3.554688e+00 1.171661e-02 
3.574219e+00 1.139766e-02 
3.593750e+00 1.049827e-02 
3.613281e+00 1.006467e-02 
3.632812e+00 9.589292e-03 
3.652344e+00 9.511552e-03 
3.671875e+00 8.506990e-03 
3.691406e+00 7.560107e-03 
3.710938e+00 7.339655e-03 
3.730469e+00 6.911311e-03 
3.750000e+00 6.103297e-03 
3.769531e+00 4.965665e-03 
3.789062e+00 4.381962e-03 
3.808594e+00 3.687107e-03 
3.828125e+00 2.958940e-03 
3.847656e+00 2.457935e-03 
3.867188e+00 1.934205e-03 
3.886719e+00 1.413763e-03 
3.906250e+00 9.662197e-04 
3.925781e+00 6.057534e-04 
3.945312e+00 3.385906e-04 
3.964844e+00 1.542373e-04 
3.984375e+00 3.792454e-05 
4.003906e+00 1.298903e-05 
4.023438e+00 7.252375e-05 
4.042969e+00 2.156376e-04 
4.062500e+00 4.260741e-04 
4.082031e+00 7.085909e-04 
4.101562e+00 1.086146e-03 
4.121094e+00 1.553548e-03 
4.140625e+00 2.000670e-03 
4.160156e+00 2.512964e-03 
4.179688e+00 2.959639e-03 
4.199219e+00 3.684875e-03 
4.218750e+00 4.223985e-03 
4.238281e+00 4.830239e-03 
4.257812e+00 5.924290e-03 
4.277344e+00 6.234633e-03 
4.296875e+00 6.669746e-03 
4.316406e+00 6.797989e-03 
4.335938e+00 7.938200e-03 
4.355469e+00 8.170445e-03 
4.375000e+00 8.475240e-03 
4.394531e+00 8.514900e-03 
4.414062e+00 9.314347e-03 
4.433594e+00 9.628950e-03 
4.453125e+00 9.843578e-03 
4.472656e+00 1.013296e-02 
4.492188e+00 1.058517e-02 
4.511719e+00 1.047565e-02 
4.531250e+00 1.000736e-02 
4.550781e+00 9.698427e-03 
4.570312e+00 9.461347e-03 
4.589844e+00 8.951440e-03 
4.609375e+00 8.358234e-03 
4.628906e+00 8.147121e-03 
4.648438e+00 7.977512e-03 
4.667969e+00 7.445969e-03 
4.687500e+00 6.454511e-03 
4.707031e+00 6.348996e-03 
4.726562e+00 5.931397e-03 
4.746094e+00 5.458507e-03 
4.765625e+00 4.415851e-03 
4.785156e+00 3.896761e-03 
4.804688e+00 3.345678e-03 
4.824219e+00 2.669521e-03 
4.843750e+00 2.255028e-03 
4.863281e+00 1.780202e-03 
4.882812e+00 1.343722e-03 
4.902344e+00 9.296817e-04 
4.921875e+00 5.934392e-04 
4.941406e+00 3.449627e-04 
4.960938e+00 1.668176e-04 
4.980469e+00 4.824061e-05 
5.000000e+00 1.028482e-05 
