1.953125e-02 1.012134e+00 
3.906250e-02 9.867493e-01 
5.859375e-02 1.015345e+00 
7.812500e-02 9.326934e-01 
9.765625e-02 9.178465e-01 
1.171875e-01 9.048929e-01 
1.367188e-01 8.772404e-01 
1.562500e-01 8.406452e-01 
1.757812e-01 7.899280e-01 
1.953125e-01 7.478243e-01 
2.148438e-01 7.053609e-01 
2.343750e-01 6.886447e-01 
2.539062e-01 6.564459e-01 
2.734375e-01 6.345000e-01 
2.929688e-01 5.791554e-01 
3.125000e-01 5.237503e-01 
3.320312e-01 4.695456e-01 
3.515625e-01 4.326401e-01 
3.710938e-01 4.011291e-01 
3.906250e-01 3.690221e-01 
4.101562e-01 3.232303e-01 
4.296875e-01 2.862404e-01 
4.492188e-01 2.396872e-01 
4.687500e-01 2.093804e-01 
4.882812e-01 1.824955e-01 
5.078125e-01 1.550428e-01 
5.273438e-01 1.333929e-01 
5.468750e-01 1.096674e-01 
5.664062e-01 9.565248e-02 
5.859375e-01 8.063468e-02 
6.054688e-01 6.522771e-02 
6.250000e-01 5.299215e-02 
6.445312e-01 4.005531e-02 
6.640625e-01 3.119682e-02 
6.835938e-01 2.412036e-02 
7.031250e-01 1.885448e-02 
7.226562e-01 1.388757e-02 
7.421875e-01 1.015966e-02 
7.617188e-01 6.791434e-03 
7.812500e-01 4.584001e-03 
8.007812e-01 3.031304e-03 
8.203125e-01 1.909410e-03 
8.398438e-01 1.198828e-03 
8.593750e-01 6.887024e-04 
8.789062e-01 3.591361e-04 
8.984375e-01 1.763836e-04 
9.179688e-01 6.953059e-05 
9.375000e-01 2.580142e-05 
9.570312e-01 7.342232e-06 
9.765625e-01 1.750754e-06 
9.960938e-01 8.159633e-07 
1.015625e+00 8.734952e-07 
1.035156e+00 2.640265e-06 
1.054688e+00 9.800105e-06 
1.074219e+00 2.523876e-05 
1.093750e+00 5.705319e-05 
1.113281e+00 1.094510e-04 
1.132812e+00 1.863179e-04 
1.152344e+00 2.865136e-04 
1.171875e+00 4.098413e-04 
1.191406e+00 5.529191e-04 
1.210938e+00 7.245176e-04 
1.230469e+00 9.452587e-04 
1.250000e+00 1.165477e-03 
1.269531e+00 1.456345e-03 
1.289062e+00 1.644493e-03 
1.308594e+00 1.841441e-03 
1.328125e+00 1.980308e-03 
1.347656e+00 2.183168e-03 
1.367188e+00 2.355211e-03 
1.386719e+00 2.575385e-03 
1.406250e+00 2.575790e-03 
1.425781e+00 2.648031e-03 
1.445312e+00 2.524954e-03 
1.464844e+00 2.455330e-03 
1.484375e+00 2.431060e-03 
1.503906e+00 2.285767e-03 
1.523438e+00 2.201022e-03 
1.542969e+00 1.987779e-03 
1.562500e+00 1.896689e-03 
1.582031e+00 1.772354e-03 
1.601562e+00 1.549288e-03 
1.621094e+00 1.392649e-03 
1.640625e+00 1.131805e-03 
1.660156e+00 9.571995e-04 
1.679688e+00 7.901327e-04 
1.699219e+00 6.663218e-04 
1.718750e+00 5.254055e-04 
1.738281e+00 4.188127e-04 
1.757812e+00 2.960434e-04 
1.777344e+00 2.155437e-04 
1.796875e+00 1.501490e-04 
1.816406e+00 1.008550e-04 
1.835938e+00 6.750221e-05 
1.855469e+00 4.144702e-05 
1.875000e+00 2.319748e-05 
1.894531e+00 1.212763e-05 
1.914062e+00 5.169677e-06 
1.933594e+00 2.017857e-06 
1.953125e+00 6.273935e-07 
1.972656e+00 1.264876e-07 
1.992188e+00 4.132930e-08 
2.011719e+00 4.199881e-08 
2.031250e+00 1.479959e-07 
2.050781e+00 6.568456e-07 
2.070312e+00 1.873924e-06 
2.089844e+00 4.475821e-06 
2.109375e+00 9.372883e-06 
2.128906e+00 1.663596e-05 
2.148438e+00 2.708353e-05 
2.167969e+00 4.074950e-05 
2.187500e+00 5.665985e-05 
2.207031e+00 7.782970e-05 
2.226562e+00 1.048993e-04 
2.246094e+00 1.331430e-04 
2.265625e+00 1.750918e-04 
2.285156e+00 2.028828e-04 
2.304688e+00 2.380098e-04 
2.324219e+00 2.626459e-04 
2.343750e+00 2.981961e-04 
2.363281e+00 3.282167e-04 
2.382812e+00 3.746568e-04 
2.402344e+00 3.843023e-04 
2.421875e+00 4.092350e-04 
2.441406e+00 4.034323e-04 
2.460938e+00 3.967593e-04 
2.480469e+00 4.074105e-04 
2.500000e+00 3.915554e-04 
2.519531e+00 3.877652e-04 
2.539062e+00 3.599621e-04 
2.558594e+00 3.481065e-04 
2.578125e+00 3.365956e-04 
2.597656e+00 3.007786e-04 
2.617188e+00 2.794104e-04 
2.636719e+00 2.330771e-04 
2.656250e+00 2.014981e-04 
2.675781e+00 1.690330e-04 
2.695312e+00 1.456885e-04 
2.714844e+00 1.184968e-04 
2.734375e+00 9.717850e-05 
2.753906e+00 7.045368e-05 
2.773438e+00 5.274201e-05 
2.792969e+00 3.729589e-05 
2.812500e+00 2.584514e-05 
2.832031e+00 1.769216e-05 
2.851562e+00 1.120048e-05 
2.871094e+00 6.554666e-06 
2.890625e+00 3.509828e-06 
2.910156e+00 1.599693e-06 
2.929688e+00 6.442476e-07 
2.949219e+00 2.136215e-07 
2.968750e+00 4.648362e-08 
2.988281e+00 1.105263e-08 
3.007812e+00 9.637003e-09 
3.027344e+00 2.942452e-08 
3.046875e+00 1.488588e-07 
3.066406e+00 4.616604e-07 
3.085938e+00 1.127470e-06 
3.105469e+00 2.516162e-06 
3.125000e+00 4.578491e-06 
3.144531e+00 7.754985e-06 
3.164062e+00 1.199874e-05 
3.183594e+00 1.699922e-05 
3.203125e+00 2.402255e-05 
3.222656e+00 3.262447e-05 
3.242188e+00 4.252274e-05 
3.261719e+00 5.686276e-05 
3.281250e+00 6.762172e-05 
3.300781e+00 8.113930e-05 
3.320312e+00 9.092675e-05 
3.339844e+00 1.041505e-04 
3.359375e+00 1.162957e-04 
3.378906e+00 1.351040e-04 
3.398438e+00 1.420063e-04 
3.417969e+00 1.531306e-04 
3.437500e+00 1.547651e-04 
3.457031e+00 1.527545e-04 
3.476562e+00 1.594035e-04 
3.496094e+00 1.559885e-04 
3.515625e+00 1.559518e-04 
3.535156e+00 1.483384e-04 
3.554688e+00 1.432203e-04 
3.574219e+00 1.412123e-04 
3.593750e+00 1.290828e-04 
3.613281e+00 1.210496e-04 
3.632812e+00 1.039225e-04 
3.652344e+00 9.016926e-05 
3.671875e+00 7.662781e-05 
3.691406e+00 6.664163e-05 
3.710938e+00 5.574953e-05 
3.730469e+00 4.606704e-05 
3.750000e+00 3.449456e-05 
3.769531e+00 2.607240e-05 
3.789062e+00 1.864737e-05 
3.808594e+00 1.327025e-05 
3.828125e+00 9.147621e-06 
3.847656e+00 5.955183e-06 
3.867188e+00 3.597714e-06 
3.886719e+00 1.958437e-06 
3.906250e+00 9.513725e-07 
3.925781e+00 3.888155e-07 
3.945312e+00 1.382424e-07 
3.964844e+00 3.243272e-08 
3.984375e+00 6.558495e-09 
4.003906e+00 4.042735e-09 
4.023438e+00 1.108710e-08 
4.042969e+00 5.923649e-08 
4.062500e+00 2.051997e-07 
4.082031e+00 5.185865e-07 
4.101562e+00 1.207604e-06 
4.121094e+00 2.260854e-06 
4.140625e+00 3.964603e-06 
4.160156e+00 6.270475e-06 
4.179688e+00 9.094819e-06 
4.199219e+00 1.305470e-05 
4.218750e+00 1.783072e-05 
4.238281e+00 2.384699e-05 
4.257812e+00 3.192709e-05 
4.277344e+00 3.924959e-05 
4.296875e+00 4.757844e-05 
4.316406e+00 5.422079e-05 
4.335938e+00 6.221606e-05 
4.355469e+00 7.066953e-05 
4.375000e+00 8.231016e-05 
4.394531e+00 8.932794e-05 
4.414062e+00 9.621450e-05 
4.433594e+00 9.973732e-05 
4.453125e+00 9.901487e-05 
4.472656e+00 1.036309e-04 
4.492188e+00 1.036055e-04 
4.511719e+00 1.037255e-04 
4.531250e+00 1.011892e-04 
4.550781e+00 9.709833e-05 
4.570312e+00 9.693383e-05 
4.589844e+00 9.101246e-05 
4.609375e+00 8.506233e-05 
4.628906e+00 7.561736e-05 
4.648438e+00 6.526586e-05 
4.667969e+00 5.639054e-05 
4.687500e+00 4.914782e-05 
4.707031e+00 4.221031e-05 
4.726562e+00 3.482259e-05 
4.746094e+00 2.715388e-05 
4.765625e+00 2.044920e-05 
4.785156e+00 1.490429e-05 
4.804688e+00 1.079991e-05 
4.824219e+00 7.473112e-06 
4.843750e+00 5.009058e-06 
4.863281e+00 3.102951e-06 
4.882812e+00 1.721683e-06 
4.902344e+00 8.852529e-07 
4.921875e+00 3.678033e-07 
4.941406e+00 1.383992e-07 
4.960938e+00 3.596881e-08 
4.980469e+00 6.770761e-09 
5.000000e+00 2.922669e-09 
