4.882812e-04 4.393270e-41 
9.765625e-04 4.548494e-41 
1.464844e-03 4.507474e-41 
1.953125e-03 4.301652e-41 
2.441406e-03 4.243604e-41 
2.929688e-03 4.238215e-41 
3.417969e-03 4.178122e-41 
3.906250e-03 4.187330e-41 
4.394531e-03 4.466596e-41 
4.882812e-03 4.823584e-41 
5.371094e-03 5.107195e-41 
5.859375e-03 6.094233e-41 
6.347656e-03 7.041198e-41 
6.835938e-03 8.010076e-41 
7.324219e-03 9.397245e-41 
7.812500e-03 1.121088e-40 
8.300781e-03 1.304061e-40 
8.789062e-03 1.505736e-40 
9.277344e-03 1.745204e-40 
9.765625e-03 2.091843e-40 
1.025391e-02 2.391288e-40 
1.074219e-02 2.736412e-40 
1.123047e-02 3.087287e-40 
1.171875e-02 3.509001e-40 
1.220703e-02 3.932490e-40 
1.269531e-02 4.271758e-40 
1.318359e-02 4.790928e-40 
1.367188e-02 5.208041e-40 
1.416016e-02 5.675868e-40 
1.464844e-02 5.887227e-40 
1.513672e-02 6.184239e-40 
1.562500e-02 6.694631e-40 
1.611328e-02 7.127739e-40 
1.660156e-02 7.169948e-40 
1.708984e-02 7.460986e-40 
1.757812e-02 7.643031e-40 
1.806641e-02 7.828739e-40 
1.855469e-02 7.964703e-40 
1.904297e-02 8.082441e-40 
1.953125e-02 7.837060e-40 
2.001953e-02 8.358897e-40 
2.050781e-02 8.084534e-40 
2.099609e-02 7.945407e-40 
2.148438e-02 7.790855e-40 
2.197266e-02 7.097427e-40 
2.246094e-02 6.573988e-40 
2.294922e-02 6.193470e-40 
2.343750e-02 5.757811e-40 
2.392578e-02 5.408620e-40 
2.441406e-02 4.888415e-40 
2.490234e-02 4.246877e-40 
2.539062e-02 3.614322e-40 
2.587891e-02 3.019686e-40 
2.636719e-02 2.482788e-40 
2.685547e-02 1.991844e-40 
2.734375e-02 1.496427e-40 
2.783203e-02 9.952930e-41 
2.832031e-02 6.176331e-41 
2.880859e-02 3.504800e-41 
2.929688e-02 1.414618e-41 
2.978516e-02 4.131451e-42 
3.027344e-02 5.712447e-42 
3.076172e-02 1.922733e-41 
3.125000e-02 4.681246e-41 
3.173828e-02 9.104943e-41 
3.222656e-02 1.462540e-40 
3.271484e-02 2.232183e-40 
3.320312e-02 3.126556e-40 
3.369141e-02 3.854881e-40 
3.417969e-02 5.109022e-40 
3.466797e-02 6.565417e-40 
3.515625e-02 7.975376e-40 
3.564453e-02 9.122372e-40 
3.613281e-02 1.120796e-39 
3.662109e-02 1.332093e-39 
3.710938e-02 1.486084e-39 
3.759766e-02 1.712575e-39 
3.808594e-02 1.938887e-39 
3.857422e-02 2.111596e-39 
3.906250e-02 2.385197e-39 
3.955078e-02 2.532779e-39 
4.003906e-02 2.822349e-39 
4.052734e-02 3.153187e-39 
4.101562e-02 3.342087e-39 
4.150391e-02 3.353733e-39 
4.199219e-02 3.489894e-39 
4.248047e-02 3.632524e-39 
4.296875e-02 3.914797e-39 
4.345703e-02 3.960455e-39 
4.394531e-02 4.093143e-39 
4.443359e-02 4.128054e-39 
4.492188e-02 4.313497e-39 
4.541016e-02 4.402739e-39 
4.589844e-02 4.229320e-39 
4.638672e-02 4.423837e-39 
4.687500e-02 4.551699e-39 
4.736328e-02 4.511508e-39 
4.785156e-02 4.325580e-39 
4.833984e-02 4.150227e-39 
4.882812e-02 4.019087e-39 
4.931641e-02 3.964158e-39 
4.980469e-02 3.793780e-39 
5.029297e-02 3.589727e-39 
5.078125e-02 3.406843e-39 
5.126953e-02 3.249422e-39 
5.175781e-02 2.987120e-39 
5.224609e-02 2.694124e-39 
5.273438e-02 2.522789e-39 
5.322266e-02 2.310384e-39 
5.371094e-02 2.024033e-39 
5.419922e-02 1.776524e-39 
5.468750e-02 1.473822e-39 
5.517578e-02 1.328128e-39 
5.566406e-02 1.099572e-39 
5.615234e-02 8.979732e-40 
5.664062e-02 7.235038e-40 
5.712891e-02 5.320458e-40 
5.761719e-02 4.132157e-40 
5.810547e-02 2.930426e-40 
5.859375e-02 1.982009e-40 
5.908203e-02 1.281284e-40 
5.957031e-02 9.130523e-41 
6.005859e-02 8.861145e-41 
6.054688e-02 1.154713e-40 
6.103516e-02 1.775220e-40 
6.152344e-02 2.618825e-40 
6.201172e-02 3.683848e-40 
6.250000e-02 5.385550e-40 
6.298828e-02 7.434330e-40 
6.347656e-02 9.467479e-40 
6.396484e-02 1.172961e-39 
6.445312e-02 1.405449e-39 
6.494141e-02 1.694618e-39 
6.542969e-02 2.058835e-39 
6.591797e-02 2.301468e-39 
6.640625e-02 2.576252e-39 
6.689453e-02 2.974053e-39 
6.738281e-02 3.269074e-39 
6.787109e-02 3.649138e-39 
6.835938e-02 3.912462e-39 
6.884766e-02 4.328485e-39 
6.933594e-02 4.702976e-39 
6.982422e-02 4.819476e-39 
7.031250e-02 5.219704e-39 
7.080078e-02 5.452997e-39 
7.128906e-02 5.554263e-39 
7.177734e-02 6.284754e-39 
7.226562e-02 6.225706e-39 
7.275391e-02 6.219519e-39 
7.324219e-02 6.390221e-39 
7.373047e-02 6.624853e-39 
7.421875e-02 7.039004e-39 
7.470703e-02 7.004014e-39 
7.519531e-02 6.895947e-39 
7.568359e-02 6.783739e-39 
7.617188e-02 6.723341e-39 
7.666016e-02 6.770743e-39 
7.714844e-02 6.789918e-39 
7.763672e-02 6.559092e-39 
7.812500e-02 6.038619e-39 
7.861328e-02 5.975425e-39 
7.910156e-02 5.928255e-39 
7.958984e-02 5.501083e-39 
8.007812e-02 5.132350e-39 
8.056641e-02 5.085941e-39 
8.105469e-02 4.844889e-39 
8.154297e-02 4.632635e-39 
8.203125e-02 4.042627e-39 
8.251953e-02 3.743772e-39 
8.300781e-02 3.378625e-39 
8.349609e-02 3.134895e-39 
8.398438e-02 2.842320e-39 
8.447266e-02 2.451572e-39 
8.496094e-02 2.216276e-39 
8.544922e-02 1.920634e-39 
8.593750e-02 1.678754e-39 
8.642578e-02 1.460219e-39 
8.691406e-02 1.275497e-39 
8.740234e-02 1.105893e-39 
8.789062e-02 9.939221e-40 
8.837891e-02 8.677285e-40 
8.886719e-02 7.906187e-40 
8.935547e-02 7.202169e-40 
8.984375e-02 7.021468e-40 
9.033203e-02 7.219184e-40 
9.082031e-02 7.764366e-40 
9.130859e-02 8.123052e-40 
9.179688e-02 8.741403e-40 
9.228516e-02 9.910979e-40 
9.277344e-02 1.131010e-39 
9.326172e-02 1.353489e-39 
9.375000e-02 1.536158e-39 
9.423828e-02 1.747430e-39 
9.472656e-02 2.054830e-39 
9.521484e-02 2.293221e-39 
9.570312e-02 2.510015e-39 
9.619141e-02 2.706785e-39 
9.667969e-02 3.000573e-39 
9.716797e-02 3.144449e-39 
9.765625e-02 3.408257e-39 
9.814453e-02 3.462434e-39 
9.863281e-02 3.816597e-39 
9.912109e-02 3.979920e-39 
9.960938e-02 4.357086e-39 
1.000977e-01 4.844723e-39 
1.005859e-01 4.858581e-39 
1.010742e-01 5.045428e-39 
1.015625e-01 5.203733e-39 
1.020508e-01 5.376742e-39 
1.025391e-01 5.615487e-39 
1.030273e-01 5.843808e-39 
1.035156e-01 5.822723e-39 
1.040039e-01 5.710886e-39 
1.044922e-01 5.717112e-39 
1.049805e-01 5.720967e-39 
1.054688e-01 5.774613e-39 
1.059570e-01 5.801948e-39 
1.064453e-01 5.838031e-39 
1.069336e-01 5.753236e-39 
1.074219e-01 5.760204e-39 
1.079102e-01 5.728158e-39 
1.083984e-01 5.549276e-39 
1.088867e-01 5.201590e-39 
1.093750e-01 5.056901e-39 
1.098633e-01 4.970206e-39 
1.103516e-01 4.953011e-39 
1.108398e-01 4.790242e-39 
1.113281e-01 4.726200e-39 
1.118164e-01 4.552867e-39 
1.123047e-01 4.221924e-39 
1.127930e-01 4.123577e-39 
1.132812e-01 4.137539e-39 
1.137695e-01 4.053094e-39 
1.142578e-01 3.809200e-39 
1.147461e-01 3.537560e-39 
1.152344e-01 3.399787e-39 
1.157227e-01 3.316447e-39 
1.162109e-01 3.250259e-39 
1.166992e-01 3.132377e-39 
1.171875e-01 2.986410e-39 
1.176758e-01 2.905642e-39 
1.181641e-01 2.757363e-39 
1.186523e-01 2.606623e-39 
1.191406e-01 2.491557e-39 
1.196289e-01 2.361598e-39 
1.201172e-01 2.392959e-39 
1.206055e-01 2.411331e-39 
1.210938e-01 2.300780e-39 
1.215820e-01 2.255253e-39 
1.220703e-01 2.172378e-39 
1.225586e-01 2.181933e-39 
1.230469e-01 2.204906e-39 
1.235352e-01 2.112010e-39 
1.240234e-01 2.122083e-39 
1.245117e-01 2.101951e-39 
1.250000e-01 2.106989e-39 
