4.882812e-04 4.408482e-41 
9.765625e-04 4.609043e-41 
1.464844e-03 4.568217e-41 
1.953125e-03 4.491401e-41 
2.441406e-03 4.591568e-41 
2.929688e-03 4.627150e-41 
3.417969e-03 4.676499e-41 
3.906250e-03 4.686825e-41 
4.394531e-03 5.157655e-41 
4.882812e-03 5.637632e-41 
5.371094e-03 6.239643e-41 
5.859375e-03 7.465790e-41 
6.347656e-03 8.386186e-41 
6.835938e-03 9.518082e-41 
7.324219e-03 1.088488e-40 
7.812500e-03 1.221923e-40 
8.300781e-03 1.431860e-40 
8.789062e-03 1.725044e-40 
9.277344e-03 2.007791e-40 
9.765625e-03 2.286401e-40 
1.025391e-02 2.603325e-40 
1.074219e-02 2.997630e-40 
1.123047e-02 3.261594e-40 
1.171875e-02 3.862691e-40 
1.220703e-02 4.298316e-40 
1.269531e-02 4.650619e-40 
1.318359e-02 5.110939e-40 
1.367188e-02 5.715961e-40 
1.416016e-02 5.747647e-40 
1.464844e-02 6.130096e-40 
1.513672e-02 6.580175e-40 
1.562500e-02 6.768979e-40 
1.611328e-02 7.253277e-40 
1.660156e-02 7.555367e-40 
1.708984e-02 7.579181e-40 
1.757812e-02 7.705227e-40 
1.806641e-02 8.305150e-40 
1.855469e-02 8.472128e-40 
1.904297e-02 8.723608e-40 
1.953125e-02 8.351684e-40 
2.001953e-02 8.181574e-40 
2.050781e-02 7.691332e-40 
2.099609e-02 7.517361e-40 
2.148438e-02 7.206365e-40 
2.197266e-02 6.968734e-40 
2.246094e-02 7.335964e-40 
2.294922e-02 6.567271e-40 
2.343750e-02 6.018642e-40 
2.392578e-02 5.505364e-40 
2.441406e-02 4.956626e-40 
2.490234e-02 4.204366e-40 
2.539062e-02 3.584545e-40 
2.587891e-02 3.072109e-40 
2.636719e-02 2.495852e-40 
2.685547e-02 2.054401e-40 
2.734375e-02 1.591672e-40 
2.783203e-02 1.037613e-40 
2.832031e-02 6.427894e-41 
2.880859e-02 3.344001e-41 
2.929688e-02 1.428852e-41 
2.978516e-02 4.179096e-42 
3.027344e-02 5.731109e-42 
3.076172e-02 1.987203e-41 
3.125000e-02 4.678031e-41 
3.173828e-02 9.113472e-41 
3.222656e-02 1.465230e-40 
3.271484e-02 2.151150e-40 
3.320312e-02 3.020451e-40 
3.369141e-02 4.053102e-40 
3.417969e-02 5.357690e-40 
3.466797e-02 6.624709e-40 
3.515625e-02 8.024628e-40 
3.564453e-02 9.495761e-40 
3.613281e-02 1.119242e-39 
3.662109e-02 1.306251e-39 
3.710938e-02 1.470997e-39 
3.759766e-02 1.733171e-39 
3.808594e-02 1.909856e-39 
3.857422e-02 2.063315e-39 
3.906250e-02 2.234115e-39 
3.955078e-02 2.413825e-39 
4.003906e-02 2.663751e-39 
4.052734e-02 2.974525e-39 
4.101562e-02 3.213353e-39 
4.150391e-02 3.481190e-39 
4.199219e-02 3.593730e-39 
4.248047e-02 3.664557e-39 
4.296875e-02 3.930629e-39 
4.345703e-02 4.057082e-39 
4.394531e-02 4.162855e-39 
4.443359e-02 4.183074e-39 
4.492188e-02 4.481900e-39 
4.541016e-02 4.500390e-39 
4.589844e-02 4.336883e-39 
4.638672e-02 4.307116e-39 
4.687500e-02 4.350347e-39 
4.736328e-02 4.265939e-39 
4.785156e-02 4.254934e-39 
4.833984e-02 4.111359e-39 
4.882812e-02 4.108430e-39 
4.931641e-02 4.079783e-39 
4.980469e-02 3.844859e-39 
5.029297e-02 3.574322e-39 
5.078125e-02 3.403003e-39 
5.126953e-02 3.132961e-39 
5.175781e-02 2.951056e-39 
5.224609e-02 2.703605e-39 
5.273438e-02 2.504726e-39 
5.322266e-02 2.288350e-39 
5.371094e-02 2.031737e-39 
5.419922e-02 1.765766e-39 
5.468750e-02 1.523155e-39 
5.517578e-02 1.281302e-39 
5.566406e-02 1.080946e-39 
5.615234e-02 9.383190e-40 
5.664062e-02 7.191370e-40 
5.712891e-02 5.260676e-40 
5.761719e-02 4.041023e-40 
5.810547e-02 2.926396e-40 
5.859375e-02 1.992209e-40 
5.908203e-02 1.309718e-40 
5.957031e-02 9.160592e-41 
6.005859e-02 8.870887e-41 
6.054688e-02 1.123600e-40 
6.103516e-02 1.750394e-40 
6.152344e-02 2.608475e-40 
6.201172e-02 3.637965e-40 
6.250000e-02 5.222116e-40 
6.298828e-02 7.055251e-40 
6.347656e-02 9.221981e-40 
6.396484e-02 1.151475e-39 
6.445312e-02 1.372527e-39 
6.494141e-02 1.728908e-39 
6.542969e-02 2.051329e-39 
6.591797e-02 2.376073e-39 
6.640625e-02 2.584308e-39 
6.689453e-02 2.832549e-39 
6.738281e-02 3.290679e-39 
6.787109e-02 3.527100e-39 
6.835938e-02 3.915658e-39 
6.884766e-02 4.300983e-39 
6.933594e-02 4.420144e-39 
6.982422e-02 4.717530e-39 
7.031250e-02 5.381465e-39 
7.080078e-02 5.647650e-39 
7.128906e-02 5.897315e-39 
7.177734e-02 5.934810e-39 
7.226562e-02 6.123147e-39 
7.275391e-02 6.476455e-39 
7.324219e-02 6.768832e-39 
7.373047e-02 6.879290e-39 
7.421875e-02 7.117796e-39 
7.470703e-02 6.898778e-39 
7.519531e-02 6.567215e-39 
7.568359e-02 6.771780e-39 
7.617188e-02 6.663113e-39 
7.666016e-02 6.640921e-39 
7.714844e-02 6.782557e-39 
7.763672e-02 6.837099e-39 
7.812500e-02 6.318881e-39 
7.861328e-02 5.854138e-39 
7.910156e-02 5.800425e-39 
7.958984e-02 5.663848e-39 
8.007812e-02 5.468541e-39 
8.056641e-02 4.928174e-39 
8.105469e-02 4.499661e-39 
8.154297e-02 4.244998e-39 
8.203125e-02 4.048205e-39 
8.251953e-02 3.698412e-39 
8.300781e-02 3.443287e-39 
8.349609e-02 3.052129e-39 
8.398438e-02 2.778999e-39 
8.447266e-02 2.493517e-39 
8.496094e-02 2.184370e-39 
8.544922e-02 1.961201e-39 
8.593750e-02 1.722240e-39 
8.642578e-02 1.478489e-39 
8.691406e-02 1.304004e-39 
8.740234e-02 1.113240e-39 
8.789062e-02 9.831825e-40 
8.837891e-02 8.526887e-40 
8.886719e-02 7.988574e-40 
8.935547e-02 7.151679e-40 
8.984375e-02 6.853237e-40 
9.033203e-02 7.029999e-40 
9.082031e-02 7.548717e-40 
9.130859e-02 8.444387e-40 
9.179688e-02 9.051275e-40 
9.228516e-02 1.004774e-39 
9.277344e-02 1.129723e-39 
9.326172e-02 1.411772e-39 
9.375000e-02 1.629131e-39 
9.423828e-02 1.718336e-39 
9.472656e-02 1.979129e-39 
9.521484e-02 2.228115e-39 
9.570312e-02 2.536990e-39 
9.619141e-02 2.758155e-39 
9.667969e-02 2.943740e-39 
9.716797e-02 3.097104e-39 
9.765625e-02 3.365864e-39 
9.814453e-02 3.865874e-39 
9.863281e-02 4.038788e-39 
9.912109e-02 4.176710e-39 
9.960938e-02 4.455885e-39 
1.000977e-01 4.754796e-39 
1.005859e-01 4.873166e-39 
1.010742e-01 5.038652e-39 
1.015625e-01 5.175822e-39 
1.020508e-01 5.510494e-39 
1.025391e-01 5.633904e-39 
1.030273e-01 5.601693e-39 
1.035156e-01 5.490654e-39 
1.040039e-01 5.636996e-39 
1.044922e-01 5.509647e-39 
1.049805e-01 5.886687e-39 
1.054688e-01 5.895028e-39 
1.059570e-01 5.910336e-39 
1.064453e-01 6.072182e-39 
1.069336e-01 5.619316e-39 
1.074219e-01 5.594715e-39 
1.079102e-01 5.656293e-39 
1.083984e-01 5.549359e-39 
1.088867e-01 5.189512e-39 
1.093750e-01 5.176700e-39 
1.098633e-01 5.133156e-39 
1.103516e-01 5.129059e-39 
1.108398e-01 4.834150e-39 
1.113281e-01 4.492742e-39 
1.118164e-01 4.435409e-39 
1.123047e-01 4.323408e-39 
1.127930e-01 4.253709e-39 
1.132812e-01 4.135294e-39 
1.137695e-01 3.943846e-39 
1.142578e-01 3.795270e-39 
1.147461e-01 3.649696e-39 
1.152344e-01 3.341458e-39 
1.157227e-01 3.316481e-39 
1.162109e-01 3.281686e-39 
1.166992e-01 3.102085e-39 
1.171875e-01 2.937034e-39 
1.176758e-01 2.831410e-39 
1.181641e-01 2.761203e-39 
1.186523e-01 2.625370e-39 
1.191406e-01 2.508821e-39 
1.196289e-01 2.477649e-39 
1.201172e-01 2.482723e-39 
1.206055e-01 2.402372e-39 
1.210938e-01 2.318817e-39 
1.215820e-01 2.212212e-39 
1.220703e-01 2.141916e-39 
1.225586e-01 2.177188e-39 
1.230469e-01 2.196546e-39 
1.235352e-01 2.096157e-39 
1.240234e-01 2.063255e-39 
1.245117e-01 2.100944e-39 
1.250000e-01 2.083679e-39 
