4.882812e-04 1.814985e-42 
9.765625e-04 1.839288e-42 
1.464844e-03 1.935912e-42 
1.953125e-03 2.303032e-42 
2.441406e-03 2.969247e-42 
2.929688e-03 4.012219e-42 
3.417969e-03 5.630606e-42 
3.906250e-03 8.476584e-42 
4.394531e-03 1.220148e-41 
4.882812e-03 1.758316e-41 
5.371094e-03 2.527451e-41 
5.859375e-03 3.448697e-41 
6.347656e-03 4.602150e-41 
6.835938e-03 5.786848e-41 
7.324219e-03 7.198461e-41 
7.812500e-03 9.438345e-41 
8.300781e-03 1.184828e-40 
8.789062e-03 1.457111e-40 
9.277344e-03 1.760100e-40 
9.765625e-03 2.042191e-40 
1.025391e-02 2.299530e-40 
1.074219e-02 2.628608e-40 
1.123047e-02 3.227178e-40 
1.171875e-02 3.600682e-40 
1.220703e-02 3.795647e-40 
1.269531e-02 4.202107e-40 
1.318359e-02 4.688989e-40 
1.367188e-02 5.212732e-40 
1.416016e-02 5.497924e-40 
1.464844e-02 5.967618e-40 
1.513672e-02 6.407174e-40 
1.562500e-02 7.014329e-40 
1.611328e-02 7.156204e-40 
1.660156e-02 7.355697e-40 
1.708984e-02 7.583574e-40 
1.757812e-02 7.803790e-40 
1.806641e-02 8.060296e-40 
1.855469e-02 8.123972e-40 
1.904297e-02 8.236467e-40 
1.953125e-02 8.208987e-40 
2.001953e-02 8.180200e-40 
2.050781e-02 8.330531e-40 
2.099609e-02 7.856155e-40 
2.148438e-02 7.705261e-40 
2.197266e-02 7.415348e-40 
2.246094e-02 6.854595e-40 
2.294922e-02 6.435860e-40 
2.343750e-02 6.043978e-40 
2.392578e-02 5.403801e-40 
2.441406e-02 4.840820e-40 
2.490234e-02 4.243063e-40 
2.539062e-02 3.601292e-40 
2.587891e-02 3.081591e-40 
2.636719e-02 2.510675e-40 
2.685547e-02 2.025084e-40 
2.734375e-02 1.479330e-40 
2.783203e-02 1.007189e-40 
2.832031e-02 6.448123e-41 
2.880859e-02 3.522411e-41 
2.929688e-02 1.398778e-41 
2.978516e-02 3.925216e-42 
3.027344e-02 4.588826e-42 
3.076172e-02 1.748592e-41 
3.125000e-02 4.348173e-41 
3.173828e-02 8.506335e-41 
3.222656e-02 1.405509e-40 
3.271484e-02 2.008875e-40 
3.320312e-02 2.887298e-40 
3.369141e-02 3.886060e-40 
3.417969e-02 4.998592e-40 
3.466797e-02 6.454056e-40 
3.515625e-02 7.856958e-40 
3.564453e-02 9.442171e-40 
3.613281e-02 1.139592e-39 
3.662109e-02 1.299747e-39 
3.710938e-02 1.505844e-39 
3.759766e-02 1.690903e-39 
3.808594e-02 1.802321e-39 
3.857422e-02 2.039802e-39 
3.906250e-02 2.294791e-39 
3.955078e-02 2.585961e-39 
4.003906e-02 2.842266e-39 
4.052734e-02 2.973460e-39 
4.101562e-02 3.174734e-39 
4.150391e-02 3.375494e-39 
4.199219e-02 3.525985e-39 
4.248047e-02 3.735572e-39 
4.296875e-02 3.853115e-39 
4.345703e-02 4.069517e-39 
4.394531e-02 4.048144e-39 
4.443359e-02 4.012263e-39 
4.492188e-02 4.337716e-39 
4.541016e-02 4.435053e-39 
4.589844e-02 4.451657e-39 
4.638672e-02 4.415482e-39 
4.687500e-02 4.429085e-39 
4.736328e-02 4.524167e-39 
4.785156e-02 4.458884e-39 
4.833984e-02 4.448288e-39 
4.882812e-02 4.073080e-39 
4.931641e-02 3.987734e-39 
4.980469e-02 3.906541e-39 
5.029297e-02 3.651236e-39 
5.078125e-02 3.500793e-39 
5.126953e-02 3.303851e-39 
5.175781e-02 3.022564e-39 
5.224609e-02 2.880899e-39 
5.273438e-02 2.559240e-39 
5.322266e-02 2.365080e-39 
5.371094e-02 2.177113e-39 
5.419922e-02 1.870206e-39 
5.468750e-02 1.660632e-39 
5.517578e-02 1.414006e-39 
5.566406e-02 1.182581e-39 
5.615234e-02 1.003787e-39 
5.664062e-02 7.897807e-40 
5.712891e-02 6.406525e-40 
5.761719e-02 4.593322e-40 
5.810547e-02 3.400226e-40 
5.859375e-02 2.375212e-40 
5.908203e-02 1.457660e-40 
5.957031e-02 8.780693e-41 
6.005859e-02 6.640105e-41 
6.054688e-02 7.222986e-41 
6.103516e-02 1.087868e-40 
6.152344e-02 1.794552e-40 
6.201172e-02 2.847628e-40 
6.250000e-02 4.247775e-40 
6.298828e-02 5.795901e-40 
6.347656e-02 7.622408e-40 
6.396484e-02 1.017671e-39 
6.445312e-02 1.231097e-39 
6.494141e-02 1.470928e-39 
6.542969e-02 1.854160e-39 
6.591797e-02 2.097164e-39 
6.640625e-02 2.401803e-39 
6.689453e-02 2.896132e-39 
6.738281e-02 3.214926e-39 
6.787109e-02 3.491541e-39 
6.835938e-02 3.699673e-39 
6.884766e-02 4.242612e-39 
6.933594e-02 4.592788e-39 
6.982422e-02 4.876323e-39 
7.031250e-02 4.876988e-39 
7.080078e-02 5.497739e-39 
7.128906e-02 5.727712e-39 
7.177734e-02 5.931979e-39 
7.226562e-02 6.273325e-39 
7.275391e-02 6.686183e-39 
7.324219e-02 6.954552e-39 
7.373047e-02 6.876066e-39 
7.421875e-02 6.712068e-39 
7.470703e-02 6.774357e-39 
7.519531e-02 7.429427e-39 
7.568359e-02 7.283380e-39 
7.617188e-02 7.145694e-39 
7.666016e-02 7.302478e-39 
7.714844e-02 7.222630e-39 
7.763672e-02 6.837220e-39 
7.812500e-02 6.878569e-39 
7.861328e-02 6.716536e-39 
7.910156e-02 6.613523e-39 
7.958984e-02 6.296757e-39 
8.007812e-02 6.086168e-39 
8.056641e-02 5.774498e-39 
8.105469e-02 5.510555e-39 
8.154297e-02 5.092708e-39 
8.203125e-02 4.835299e-39 
8.251953e-02 4.376253e-39 
8.300781e-02 4.124891e-39 
8.349609e-02 3.704143e-39 
8.398438e-02 3.313514e-39 
8.447266e-02 3.034508e-39 
8.496094e-02 2.844260e-39 
8.544922e-02 2.509083e-39 
8.593750e-02 2.098219e-39 
8.642578e-02 1.849342e-39 
8.691406e-02 1.594461e-39 
8.740234e-02 1.353851e-39 
8.789062e-02 1.109434e-39 
8.837891e-02 9.595657e-40 
8.886719e-02 8.159941e-40 
8.935547e-02 6.969325e-40 
8.984375e-02 5.870049e-40 
9.033203e-02 5.207174e-40 
9.082031e-02 4.743733e-40 
9.130859e-02 4.855623e-40 
9.179688e-02 5.286900e-40 
9.228516e-02 6.096145e-40 
9.277344e-02 6.858718e-40 
9.326172e-02 8.025839e-40 
9.375000e-02 9.680370e-40 
9.423828e-02 1.103485e-39 
9.472656e-02 1.341330e-39 
9.521484e-02 1.577012e-39 
9.570312e-02 1.802618e-39 
9.619141e-02 2.012417e-39 
9.667969e-02 2.342043e-39 
9.716797e-02 2.721017e-39 
9.765625e-02 2.870998e-39 
9.814453e-02 3.066895e-39 
9.863281e-02 3.491766e-39 
9.912109e-02 3.844171e-39 
9.960938e-02 4.132689e-39 
1.000977e-01 4.426531e-39 
1.005859e-01 4.699787e-39 
1.010742e-01 4.992006e-39 
1.015625e-01 5.177047e-39 
1.020508e-01 5.210671e-39 
1.025391e-01 5.710312e-39 
1.030273e-01 6.175255e-39 
1.035156e-01 6.265323e-39 
1.040039e-01 6.495497e-39 
1.044922e-01 6.414527e-39 
1.049805e-01 6.511157e-39 
1.054688e-01 6.792073e-39 
1.059570e-01 6.793308e-39 
1.064453e-01 6.951529e-39 
1.069336e-01 6.967474e-39 
1.074219e-01 7.105288e-39 
1.079102e-01 6.879602e-39 
1.083984e-01 6.562079e-39 
1.088867e-01 6.445789e-39 
1.093750e-01 6.641975e-39 
1.098633e-01 6.633166e-39 
1.103516e-01 6.798931e-39 
1.108398e-01 6.383219e-39 
1.113281e-01 6.106023e-39 
1.118164e-01 5.940199e-39 
1.123047e-01 5.525465e-39 
1.127930e-01 5.348469e-39 
1.132812e-01 5.353759e-39 
1.137695e-01 4.975110e-39 
1.142578e-01 4.800721e-39 
1.147461e-01 4.672590e-39 
1.152344e-01 4.409869e-39 
1.157227e-01 4.217027e-39 
1.162109e-01 4.054870e-39 
1.166992e-01 3.608065e-39 
1.171875e-01 3.392330e-39 
1.176758e-01 3.208240e-39 
1.181641e-01 2.889792e-39 
1.186523e-01 2.605884e-39 
1.191406e-01 2.471205e-39 
1.196289e-01 2.271928e-39 
1.201172e-01 2.049491e-39 
1.206055e-01 1.956222e-39 
1.210938e-01 1.762695e-39 
1.215820e-01 1.609030e-39 
1.220703e-01 1.541123e-39 
1.225586e-01 1.458411e-39 
1.230469e-01 1.320413e-39 
1.235352e-01 1.243025e-39 
1.240234e-01 1.226697e-39 
1.245117e-01 1.199181e-39 
1.250000e-01 1.170996e-39 
