4.882812e-04 1.766918e-42 
9.765625e-04 1.850597e-42 
1.464844e-03 1.886632e-42 
1.953125e-03 2.183986e-42 
2.441406e-03 2.871502e-42 
2.929688e-03 4.015569e-42 
3.417969e-03 6.088457e-42 
3.906250e-03 8.821935e-42 
4.394531e-03 1.231932e-41 
4.882812e-03 1.752094e-41 
5.371094e-03 2.463973e-41 
5.859375e-03 3.394549e-41 
6.347656e-03 4.613368e-41 
6.835938e-03 5.983512e-41 
7.324219e-03 7.435620e-41 
7.812500e-03 9.249826e-41 
8.300781e-03 1.174706e-40 
8.789062e-03 1.430719e-40 
9.277344e-03 1.714451e-40 
9.765625e-03 2.045098e-40 
1.025391e-02 2.433432e-40 
1.074219e-02 2.742286e-40 
1.123047e-02 3.123409e-40 
1.171875e-02 3.547917e-40 
1.220703e-02 3.795903e-40 
1.269531e-02 4.306505e-40 
1.318359e-02 4.750081e-40 
1.367188e-02 5.264128e-40 
1.416016e-02 5.386825e-40 
1.464844e-02 5.899835e-40 
1.513672e-02 6.550999e-40 
1.562500e-02 6.907869e-40 
1.611328e-02 7.396128e-40 
1.660156e-02 7.557769e-40 
1.708984e-02 7.761841e-40 
1.757812e-02 8.288459e-40 
1.806641e-02 8.077952e-40 
1.855469e-02 7.989520e-40 
1.904297e-02 8.123618e-40 
1.953125e-02 7.930465e-40 
2.001953e-02 7.867943e-40 
2.050781e-02 7.658521e-40 
2.099609e-02 7.426173e-40 
2.148438e-02 7.464950e-40 
2.197266e-02 6.954956e-40 
2.246094e-02 6.715205e-40 
2.294922e-02 6.325845e-40 
2.343750e-02 5.648312e-40 
2.392578e-02 5.275571e-40 
2.441406e-02 4.840992e-40 
2.490234e-02 4.098164e-40 
2.539062e-02 3.527136e-40 
2.587891e-02 2.819810e-40 
2.636719e-02 2.425319e-40 
2.685547e-02 2.014844e-40 
2.734375e-02 1.441347e-40 
2.783203e-02 1.007060e-40 
2.832031e-02 6.210989e-41 
2.880859e-02 3.249306e-41 
2.929688e-02 1.376680e-41 
2.978516e-02 4.080220e-42 
3.027344e-02 5.765483e-42 
3.076172e-02 2.111647e-41 
3.125000e-02 4.923194e-41 
3.173828e-02 8.722987e-41 
3.222656e-02 1.460173e-40 
3.271484e-02 2.282032e-40 
3.320312e-02 3.157373e-40 
3.369141e-02 4.101013e-40 
3.417969e-02 5.149130e-40 
3.466797e-02 6.410914e-40 
3.515625e-02 7.997985e-40 
3.564453e-02 9.586217e-40 
3.613281e-02 1.163920e-39 
3.662109e-02 1.318923e-39 
3.710938e-02 1.498467e-39 
3.759766e-02 1.679695e-39 
3.808594e-02 1.906899e-39 
3.857422e-02 2.095000e-39 
3.906250e-02 2.393618e-39 
3.955078e-02 2.602106e-39 
4.003906e-02 2.609055e-39 
4.052734e-02 2.933997e-39 
4.101562e-02 3.243367e-39 
4.150391e-02 3.372172e-39 
4.199219e-02 3.410519e-39 
4.248047e-02 3.647972e-39 
4.296875e-02 3.906638e-39 
4.345703e-02 3.887349e-39 
4.394531e-02 3.966405e-39 
4.443359e-02 3.991457e-39 
4.492188e-02 4.172595e-39 
4.541016e-02 4.177991e-39 
4.589844e-02 4.243218e-39 
4.638672e-02 4.436678e-39 
4.687500e-02 4.477620e-39 
4.736328e-02 4.432693e-39 
4.785156e-02 4.334501e-39 
4.833984e-02 4.226216e-39 
4.882812e-02 4.155240e-39 
4.931641e-02 3.914208e-39 
4.980469e-02 3.857448e-39 
5.029297e-02 3.578910e-39 
5.078125e-02 3.302861e-39 
5.126953e-02 3.098361e-39 
5.175781e-02 2.981641e-39 
5.224609e-02 2.796663e-39 
5.273438e-02 2.559210e-39 
5.322266e-02 2.334734e-39 
5.371094e-02 2.074680e-39 
5.419922e-02 1.789977e-39 
5.468750e-02 1.531815e-39 
5.517578e-02 1.325870e-39 
5.566406e-02 1.116275e-39 
5.615234e-02 9.151953e-40 
5.664062e-02 7.170129e-40 
5.712891e-02 5.384682e-40 
5.761719e-02 4.209093e-40 
5.810547e-02 3.023349e-40 
5.859375e-02 2.000181e-40 
5.908203e-02 1.311121e-40 
5.957031e-02 9.532935e-41 
6.005859e-02 8.750061e-41 
6.054688e-02 1.117256e-40 
6.103516e-02 1.749150e-40 
6.152344e-02 2.489941e-40 
6.201172e-02 3.810121e-40 
6.250000e-02 5.270161e-40 
6.298828e-02 7.262573e-40 
6.347656e-02 9.284596e-40 
6.396484e-02 1.134800e-39 
6.445312e-02 1.422084e-39 
6.494141e-02 1.724006e-39 
6.542969e-02 1.991887e-39 
6.591797e-02 2.309697e-39 
6.640625e-02 2.586272e-39 
6.689453e-02 2.869723e-39 
6.738281e-02 3.241677e-39 
6.787109e-02 3.546896e-39 
6.835938e-02 4.080610e-39 
6.884766e-02 4.239245e-39 
6.933594e-02 4.404934e-39 
6.982422e-02 4.878445e-39 
7.031250e-02 5.410133e-39 
7.080078e-02 5.401154e-39 
7.128906e-02 5.745806e-39 
7.177734e-02 6.084140e-39 
7.226562e-02 6.481612e-39 
7.275391e-02 6.435185e-39 
7.324219e-02 6.612838e-39 
7.373047e-02 6.557329e-39 
7.421875e-02 6.678516e-39 
7.470703e-02 6.957641e-39 
7.519531e-02 6.941802e-39 
7.568359e-02 6.694690e-39 
7.617188e-02 6.582478e-39 
7.666016e-02 6.522532e-39 
7.714844e-02 6.482454e-39 
7.763672e-02 6.706142e-39 
7.812500e-02 6.506821e-39 
7.861328e-02 5.980172e-39 
7.910156e-02 5.901055e-39 
7.958984e-02 5.711137e-39 
8.007812e-02 5.342326e-39 
8.056641e-02 4.923840e-39 
8.105469e-02 4.710268e-39 
8.154297e-02 4.505636e-39 
8.203125e-02 4.004708e-39 
8.251953e-02 3.827004e-39 
8.300781e-02 3.554316e-39 
8.349609e-02 3.231802e-39 
8.398438e-02 2.826261e-39 
8.447266e-02 2.472722e-39 
8.496094e-02 2.178025e-39 
8.544922e-02 1.911884e-39 
8.593750e-02 1.725399e-39 
8.642578e-02 1.501031e-39 
8.691406e-02 1.299146e-39 
8.740234e-02 1.101192e-39 
8.789062e-02 9.940348e-40 
8.837891e-02 8.685654e-40 
8.886719e-02 7.466578e-40 
8.935547e-02 7.060752e-40 
8.984375e-02 6.969661e-40 
9.033203e-02 7.315053e-40 
9.082031e-02 7.675413e-40 
9.130859e-02 8.143022e-40 
9.179688e-02 8.845921e-40 
9.228516e-02 1.012081e-39 
9.277344e-02 1.139736e-39 
9.326172e-02 1.324749e-39 
9.375000e-02 1.473735e-39 
9.423828e-02 1.712447e-39 
9.472656e-02 2.013948e-39 
9.521484e-02 2.181810e-39 
9.570312e-02 2.512186e-39 
9.619141e-02 2.800296e-39 
9.667969e-02 2.971271e-39 
9.716797e-02 3.171810e-39 
9.765625e-02 3.394098e-39 
9.814453e-02 3.556575e-39 
9.863281e-02 4.144504e-39 
9.912109e-02 4.317520e-39 
9.960938e-02 4.583279e-39 
1.000977e-01 4.766927e-39 
1.005859e-01 4.923075e-39 
1.010742e-01 5.090616e-39 
1.015625e-01 4.925199e-39 
1.020508e-01 5.176394e-39 
1.025391e-01 5.617993e-39 
1.030273e-01 5.692596e-39 
1.035156e-01 5.842981e-39 
1.040039e-01 5.778147e-39 
1.044922e-01 5.747570e-39 
1.049805e-01 5.842506e-39 
1.054688e-01 5.808480e-39 
1.059570e-01 5.828635e-39 
1.064453e-01 5.909484e-39 
1.069336e-01 5.666473e-39 
1.074219e-01 5.469261e-39 
1.079102e-01 5.293317e-39 
1.083984e-01 5.372058e-39 
1.088867e-01 5.368303e-39 
1.093750e-01 5.523148e-39 
1.098633e-01 5.281417e-39 
1.103516e-01 5.074034e-39 
1.108398e-01 4.658442e-39 
1.113281e-01 4.649732e-39 
1.118164e-01 4.545530e-39 
1.123047e-01 4.303828e-39 
1.127930e-01 4.260384e-39 
1.132812e-01 4.065910e-39 
1.137695e-01 3.872659e-39 
1.142578e-01 3.732597e-39 
1.147461e-01 3.586956e-39 
1.152344e-01 3.369223e-39 
1.157227e-01 3.360055e-39 
1.162109e-01 3.254262e-39 
1.166992e-01 2.819884e-39 
1.171875e-01 2.901265e-39 
1.176758e-01 2.841756e-39 
1.181641e-01 2.699457e-39 
1.186523e-01 2.612512e-39 
1.191406e-01 2.534732e-39 
1.196289e-01 2.408389e-39 
1.201172e-01 2.381108e-39 
1.206055e-01 2.300034e-39 
1.210938e-01 2.270560e-39 
1.215820e-01 2.238852e-39 
1.220703e-01 2.169050e-39 
1.225586e-01 2.200952e-39 
1.230469e-01 2.133467e-39 
1.235352e-01 2.102164e-39 
1.240234e-01 2.033249e-39 
1.245117e-01 2.136710e-39 
1.250000e-01 2.174296e-39 
