9.765625e-04 1.770428e-42 
1.476085e-03 1.871316e-42 
1.975608e-03 2.170416e-42 
2.475131e-03 2.822072e-42 
2.974654e-03 4.017943e-42 
3.474177e-03 5.981632e-42 
3.973700e-03 8.962334e-42 
4.473223e-03 1.322764e-41 
4.972746e-03 1.905564e-41 
5.472269e-03 2.672651e-41 
5.971792e-03 3.651372e-41 
6.471315e-03 4.867514e-41 
6.970838e-03 6.344408e-41 
7.470361e-03 8.102069e-41 
7.969884e-03 1.015636e-40 
8.469407e-03 1.251826e-40 
8.968930e-03 1.519313e-40 
9.468453e-03 1.818018e-40 
9.967976e-03 2.147196e-40 
1.046750e-02 2.505406e-40 
1.096702e-02 2.890485e-40 
1.146654e-02 3.299548e-40 
1.196607e-02 3.728992e-40 
1.246559e-02 4.174528e-40 
1.296511e-02 4.631218e-40 
1.346464e-02 5.093534e-40 
1.396416e-02 5.555434e-40 
1.446368e-02 6.010447e-40 
1.496321e-02 6.451772e-40 
1.546273e-02 6.872399e-40 
1.596225e-02 7.265224e-40 
1.646177e-02 7.623191e-40 
1.696130e-02 7.939424e-40 
1.746082e-02 8.207375e-40 
1.796034e-02 8.420968e-40 
1.845987e-02 8.574746e-40 
1.895939e-02 8.664013e-40 
1.945891e-02 8.684968e-40 
1.995843e-02 8.634837e-40 
2.045796e-02 8.511985e-40 
2.095748e-02 8.316023e-40 
2.145700e-02 8.047892e-40 
2.195653e-02 7.709937e-40 
2.245605e-02 7.305951e-40 
2.295557e-02 6.841203e-40 
2.345510e-02 6.322447e-40 
2.395462e-02 5.757894e-40 
2.445414e-02 5.157173e-40 
2.495366e-02 4.531259e-40 
2.545319e-02 3.892375e-40 
2.595271e-02 3.253873e-40 
2.645223e-02 2.630090e-40 
2.695176e-02 2.036178e-40 
2.745128e-02 1.487918e-40 
2.795080e-02 1.001512e-40 
2.845033e-02 5.933579e-41 
2.894985e-02 2.798115e-41 
2.944937e-02 7.693933e-42 
2.994889e-02 2.614860e-44 
3.044842e-02 6.449191e-42 
3.094794e-02 2.832787e-41 
3.144746e-02 6.689478e-41 
3.194699e-02 1.232255e-40 
3.244651e-02 1.982151e-40 
3.294603e-02 2.925557e-40 
3.344555e-02 4.067170e-40 
3.394508e-02 5.409279e-40 
3.444460e-02 6.951620e-40 
3.494412e-02 8.691254e-40 
3.544365e-02 1.062248e-39 
3.594317e-02 1.273678e-39 
3.644269e-02 1.502281e-39 
3.694222e-02 1.746644e-39 
3.744174e-02 2.005077e-39 
3.794126e-02 2.275631e-39 
3.844078e-02 2.556108e-39 
3.894031e-02 2.844080e-39 
3.943983e-02 3.136913e-39 
3.993935e-02 3.431795e-39 
4.043888e-02 3.725764e-39 
4.093840e-02 4.015742e-39 
4.143792e-02 4.298571e-39 
4.193745e-02 4.571054e-39 
4.243697e-02 4.829992e-39 
4.293649e-02 5.072230e-39 
4.343601e-02 5.294700e-39 
4.393554e-02 5.494462e-39 
4.443506e-02 5.668751e-39 
4.493458e-02 5.815021e-39 
4.543411e-02 5.930983e-39 
4.593363e-02 6.014649e-39 
4.643315e-02 6.064368e-39 
4.693267e-02 6.078861e-39 
4.743220e-02 6.057248e-39 
4.793172e-02 5.999083e-39 
4.843124e-02 5.904368e-39 
4.893077e-02 5.773573e-39 
4.943029e-02 5.607650e-39 
4.992981e-02 5.408034e-39 
5.042934e-02 5.176644e-39 
5.092886e-02 4.915878e-39 
5.142838e-02 4.628598e-39 
5.192790e-02 4.318110e-39 
5.242743e-02 3.988142e-39 
5.292695e-02 3.642805e-39 
5.342647e-02 3.286560e-39 
5.392600e-02 2.924173e-39 
5.442552e-02 2.560665e-39 
5.492504e-02 2.201258e-39 
5.542457e-02 1.851317e-39 
5.592409e-02 1.516289e-39 
5.642361e-02 1.201634e-39 
5.692313e-02 9.127637e-40 
5.742266e-02 6.549679e-40 
5.792218e-02 4.333474e-40 
5.842170e-02 2.527442e-40 
5.892123e-02 1.176737e-40 
5.942075e-02 3.225861e-41 
5.992027e-02 1.660208e-43 
6.041979e-02 2.454784e-41 
6.091932e-02 1.079863e-40 
6.141884e-02 2.524445e-40 
6.191836e-02 4.592236e-40 
6.241789e-02 7.289268e-40 
6.291741e-02 1.061430e-39 
6.341693e-02 1.455864e-39 
6.391646e-02 1.910598e-39 
6.441598e-02 2.423241e-39 
6.491550e-02 2.990649e-39 
6.541502e-02 3.608935e-39 
6.591455e-02 4.273501e-39 
6.641407e-02 4.979071e-39 
6.691359e-02 5.719731e-39 
6.741312e-02 6.488990e-39 
6.791264e-02 7.279834e-39 
6.841216e-02 8.084800e-39 
6.891169e-02 8.896052e-39 
6.941121e-02 9.705464e-39 
6.991073e-02 1.050471e-38 
7.041025e-02 1.128536e-38 
7.090978e-02 1.203897e-38 
7.140930e-02 1.275720e-38 
7.190882e-02 1.343188e-38 
7.240835e-02 1.405518e-38 
7.290787e-02 1.461962e-38 
7.340739e-02 1.511825e-38 
7.390691e-02 1.554470e-38 
7.440644e-02 1.589329e-38 
7.490596e-02 1.615910e-38 
7.540548e-02 1.633807e-38 
7.590501e-02 1.642705e-38 
7.640453e-02 1.642388e-38 
7.690405e-02 1.632740e-38 
7.740358e-02 1.613755e-38 
7.790310e-02 1.585535e-38 
7.840262e-02 1.548293e-38 
7.890214e-02 1.502353e-38 
7.940167e-02 1.448149e-38 
7.990119e-02 1.386226e-38 
8.040071e-02 1.317228e-38 
8.090024e-02 1.241901e-38 
8.139976e-02 1.161084e-38 
8.189928e-02 1.075698e-38 
8.239881e-02 9.867435e-39 
8.289833e-02 8.952848e-39 
8.339785e-02 8.024426e-39 
8.389737e-02 7.093809e-39 
8.439690e-02 6.172944e-39 
8.489642e-02 5.273957e-39 
8.539594e-02 4.409010e-39 
8.589547e-02 3.590166e-39 
8.639499e-02 2.829239e-39 
8.689451e-02 2.137657e-39 
8.739403e-02 1.526319e-39 
8.789356e-02 1.005451e-39 
8.839308e-02 5.844798e-40 
8.889260e-02 2.719006e-40 
8.939213e-02 7.515936e-41 
8.989165e-02 5.434310e-43 
9.039117e-02 5.308320e-41 
9.089070e-02 2.364666e-40 
9.139022e-02 5.529675e-40 
9.188974e-02 1.003389e-39 
9.238926e-02 1.587022e-39 
9.288879e-02 2.301624e-39 
9.338831e-02 3.143410e-39 
9.388783e-02 4.107063e-39 
9.438736e-02 5.185768e-39 
9.488688e-02 6.371255e-39 
9.538640e-02 7.653867e-39 
9.588592e-02 9.022644e-39 
9.638545e-02 1.046542e-38 
9.688497e-02 1.196893e-38 
9.738449e-02 1.351897e-38 
9.788402e-02 1.510051e-38 
9.838354e-02 1.669786e-38 
9.888306e-02 1.829485e-38 
9.938259e-02 1.987498e-38 
9.988211e-02 2.142165e-38 
1.003816e-01 2.291828e-38 
1.008812e-01 2.434857e-38 
1.013807e-01 2.569665e-38 
1.018802e-01 2.694729e-38 
1.023797e-01 2.808606e-38 
1.028792e-01 2.909956e-38 
1.033788e-01 2.997555e-38 
1.038783e-01 3.070313e-38 
1.043778e-01 3.127287e-38 
1.048773e-01 3.167699e-38 
1.053769e-01 3.190945e-38 
1.058764e-01 3.196602e-38 
1.063759e-01 3.184445e-38 
1.068754e-01 3.154445e-38 
1.073750e-01 3.106774e-38 
1.078745e-01 3.041814e-38 
1.083740e-01 2.960145e-38 
1.088735e-01 2.862553e-38 
1.093730e-01 2.750017e-38 
1.098726e-01 2.623705e-38 
1.103721e-01 2.484963e-38 
1.108716e-01 2.335304e-38 
1.113711e-01 2.176391e-38 
1.118707e-01 2.010025e-38 
1.123702e-01 1.838121e-38 
1.128697e-01 1.662694e-38 
1.133692e-01 1.485835e-38 
1.138688e-01 1.309688e-38 
1.143683e-01 1.136428e-38 
1.148678e-01 9.682364e-39 
1.153673e-01 8.072749e-39 
1.158668e-01 6.556625e-39 
1.163664e-01 5.154500e-39 
1.168659e-01 3.885948e-39 
1.173654e-01 2.769382e-39 
1.178649e-01 1.821817e-39 
1.183645e-01 1.058655e-39 
1.188640e-01 4.934855e-40 
1.193635e-01 1.378995e-40 
1.198630e-01 1.324490e-42 
1.203626e-01 9.088180e-41 
1.208621e-01 4.112683e-40 
1.213616e-01 9.646629e-40 
1.218611e-01 1.750661e-39 
1.223606e-01 2.766238e-39 
1.228602e-01 4.005739e-39 
1.233597e-01 5.460901e-39 
1.238592e-01 7.120908e-39 
1.243587e-01 8.972467e-39 
1.248583e-01 1.099992e-38 
1.253578e-01 1.318540e-38 
1.258573e-01 1.550896e-38 
1.263568e-01 1.794881e-38 
1.268563e-01 2.048150e-38 
1.273559e-01 2.308219e-38 
1.278554e-01 2.572488e-38 
1.283549e-01 2.838270e-38 
1.288544e-01 3.102821e-38 
1.293540e-01 3.363368e-38 
1.298535e-01 3.617140e-38 
1.303530e-01 3.861404e-38 
1.308525e-01 4.093489e-38 
1.313521e-01 4.310821e-38 
1.318516e-01 4.510957e-38 
1.323511e-01 4.691607e-38 
1.328506e-01 4.850667e-38 
1.333501e-01 4.986246e-38 
1.338497e-01 5.096689e-38 
1.343492e-01 5.180597e-38 
1.348487e-01 5.236850e-38 
1.353482e-01 5.264624e-38 
1.358478e-01 5.263402e-38 
1.363473e-01 5.232986e-38 
1.368468e-01 5.173501e-38 
1.373463e-01 5.085405e-38 
1.378459e-01 4.969480e-38 
1.383454e-01 4.826836e-38 
1.388449e-01 4.658896e-38 
1.393444e-01 4.467391e-38 
1.398439e-01 4.254339e-38 
1.403435e-01 4.022031e-38 
1.408430e-01 3.773007e-38 
1.413425e-01 3.510031e-38 
1.418420e-01 3.236062e-38 
1.423416e-01 2.954227e-38 
1.428411e-01 2.667784e-38 
1.433406e-01 2.380090e-38 
1.438401e-01 2.094563e-38 
1.443397e-01 1.814646e-38 
1.448392e-01 1.543767e-38 
1.453387e-01 1.285301e-38 
1.458382e-01 1.042532e-38 
1.463377e-01 8.186138e-39 
1.468373e-01 6.165331e-39 
1.473368e-01 4.390742e-39 
1.478363e-01 2.887843e-39 
1.483358e-01 1.679424e-39 
1.488354e-01 7.852942e-40 
1.493349e-01 2.220248e-40 
1.498344e-01 2.717607e-42 
1.503339e-01 1.368125e-40 
1.508335e-01 6.299328e-40 
1.513330e-01 1.483772e-39 
1.518325e-01 2.696023e-39 
1.523320e-01 4.260352e-39 
1.528315e-01 6.166415e-39 
1.533311e-01 8.399924e-39 
1.538306e-01 1.094275e-38 
1.543301e-01 1.377310e-38 
1.548296e-01 1.686566e-38 
1.553292e-01 2.019191e-38 
1.558287e-01 2.372033e-38 
1.563282e-01 2.741675e-38 
1.568277e-01 3.124472e-38 
1.573272e-01 3.516583e-38 
1.578268e-01 3.914018e-38 
1.583263e-01 4.312674e-38 
1.588258e-01 4.708388e-38 
1.593253e-01 5.096975e-38 
1.598249e-01 5.474277e-38 
1.603244e-01 5.836214e-38 
1.608239e-01 6.178824e-38 
1.613234e-01 6.498314e-38 
1.618230e-01 6.791101e-38 
1.623225e-01 7.053859e-38 
1.628220e-01 7.283552e-38 
1.633215e-01 7.477480e-38 
1.638210e-01 7.633309e-38 
1.643206e-01 7.749100e-38 
1.648201e-01 7.823339e-38 
1.653196e-01 7.854958e-38 
1.658191e-01 7.843349e-38 
1.663187e-01 7.788382e-38 
1.668182e-01 7.690410e-38 
1.673177e-01 7.550266e-38 
1.678172e-01 7.369268e-38 
1.683168e-01 7.149204e-38 
1.688163e-01 6.892318e-38 
1.693158e-01 6.601294e-38 
1.698153e-01 6.279226e-38 
1.703148e-01 5.929593e-38 
1.708144e-01 5.556222e-38 
1.713139e-01 5.163250e-38 
1.718134e-01 4.755082e-38 
1.723129e-01 4.336343e-38 
1.728125e-01 3.911831e-38 
1.733120e-01 3.486466e-38 
1.738115e-01 3.065232e-38 
1.743110e-01 2.653128e-38 
1.748106e-01 2.255109e-38 
1.753101e-01 1.876031e-38 
1.758096e-01 1.520594e-38 
1.763091e-01 1.193291e-38 
1.768086e-01 8.983534e-39 
1.773082e-01 6.397015e-39 
1.778077e-01 4.208967e-39 
1.783072e-01 2.450982e-39 
1.788067e-01 1.150234e-39 
1.793063e-01 3.291228e-40 
1.798058e-01 4.973490e-42 
1.803053e-01 1.897862e-40 
1.808048e-01 8.900434e-40 
1.813044e-01 2.106577e-39 
1.818039e-01 3.834495e-39 
1.823034e-01 6.063178e-39 
1.828029e-01 8.776329e-39 
1.833024e-01 1.195209e-38 
1.838020e-01 1.556325e-38 
1.843015e-01 1.957745e-38 
1.848010e-01 2.395751e-38 
1.853005e-01 2.866181e-38 
1.858001e-01 3.364465e-38 
1.862996e-01 3.885678e-38 
1.867991e-01 4.424588e-38 
1.872986e-01 4.975709e-38 
1.877981e-01 5.533363e-38 
1.882977e-01 6.091740e-38 
1.887972e-01 6.644960e-38 
1.892967e-01 7.187138e-38 
1.897962e-01 7.712452e-38 
1.902958e-01 8.215206e-38 
1.907953e-01 8.689894e-38 
1.912948e-01 9.131266e-38 
1.917943e-01 9.534388e-38 
1.922939e-01 9.894698e-38 
1.927934e-01 1.020806e-37 
1.932929e-01 1.047084e-37 
1.937924e-01 1.067988e-37 
1.942919e-01 1.083264e-37 
1.947915e-01 1.092714e-37 
1.952910e-01 1.096205e-37 
1.957905e-01 1.093668e-37 
1.962900e-01 1.085101e-37 
1.967896e-01 1.070567e-37 
1.972891e-01 1.050198e-37 
1.977886e-01 1.024191e-37 
1.982881e-01 9.928087e-38 
1.987877e-01 9.563753e-38 
1.992872e-01 9.152746e-38 
1.997867e-01 8.699461e-38 
2.002862e-01 8.208807e-38 
2.007857e-01 7.686158e-38 
2.012853e-01 7.137296e-38 
2.017848e-01 6.568354e-38 
2.022843e-01 5.985749e-38 
2.027838e-01 5.396112e-38 
2.032834e-01 4.806221e-38 
2.037829e-01 4.222921e-38 
2.042824e-01 3.653056e-38 
2.047819e-01 3.103387e-38 
2.052815e-01 2.580517e-38 
2.057810e-01 2.090819e-38 
2.062805e-01 1.640360e-38 
2.067800e-01 1.234832e-38 
2.072795e-01 8.794858e-39 
2.077791e-01 5.790662e-39 
2.082786e-01 3.377564e-39 
2.087781e-01 1.591253e-39 
2.092776e-01 4.608231e-40 
2.097772e-01 8.385144e-42 
2.102767e-01 2.487562e-40 
2.107762e-01 1.189225e-39 
2.112757e-01 2.829399e-39 
2.117753e-01 5.161138e-39 
2.122748e-01 8.168569e-39 
2.127743e-01 1.182819e-38 
2.132738e-01 1.610907e-38 
2.137733e-01 2.097308e-38 
2.142729e-01 2.637533e-38 
2.147724e-01 3.226453e-38 
2.152719e-01 3.858350e-38 
2.157714e-01 4.526983e-38 
2.162710e-01 5.225642e-38 
2.167705e-01 5.947227e-38 
2.172700e-01 6.684315e-38 
2.177695e-01 7.429248e-38 
2.182691e-01 8.174208e-38 
2.187686e-01 8.911308e-38 
2.192681e-01 9.632675e-38 
2.197676e-01 1.033054e-37 
2.202671e-01 1.099732e-37 
2.207667e-01 1.162572e-37 
2.212662e-01 1.220880e-37 
2.217657e-01 1.274004e-37 
2.222652e-01 1.321346e-37 
2.227648e-01 1.362366e-37 
2.232643e-01 1.396589e-37 
2.237638e-01 1.423611e-37 
2.242633e-01 1.443104e-37 
2.247628e-01 1.454822e-37 
2.252624e-01 1.458601e-37 
2.257619e-01 1.454364e-37 
2.262614e-01 1.442122e-37 
2.267609e-01 1.421976e-37 
2.272605e-01 1.394115e-37 
2.277600e-01 1.358813e-37 
2.282595e-01 1.316432e-37 
2.287590e-01 1.267413e-37 
2.292586e-01 1.212276e-37 
2.297581e-01 1.151614e-37 
2.302576e-01 1.086083e-37 
2.307571e-01 1.016402e-37 
2.312566e-01 9.433415e-38 
2.317562e-01 8.677151e-38 
2.322557e-01 7.903727e-38 
2.327552e-01 7.121904e-38 
2.332547e-01 6.340615e-38 
2.337543e-01 5.568859e-38 
2.342538e-01 4.815614e-38 
2.347533e-01 4.089725e-38 
2.352528e-01 3.399815e-38 
2.357524e-01 2.754180e-38 
2.362519e-01 2.160702e-38 
2.367514e-01 1.626749e-38 
2.372509e-01 1.159096e-38 
2.377504e-01 7.638444e-39 
2.382500e-01 4.463445e-39 
2.387495e-01 2.111342e-39 
2.392490e-01 6.187974e-40 
2.397485e-01 1.328786e-41 
2.402481e-01 3.127177e-40 
2.407476e-01 1.525143e-39 
2.412471e-01 3.648602e-39 
2.417466e-01 6.671051e-39 
2.422462e-01 1.057041e-38 
2.427457e-01 1.531475e-38 
2.432452e-01 2.086252e-38 
2.437447e-01 2.716296e-38 
2.442442e-01 3.415659e-38 
2.447438e-01 4.177578e-38 
2.452433e-01 4.994544e-38 
2.457428e-01 5.858380e-38 
2.462423e-01 6.760322e-38 
2.467419e-01 7.691118e-38 
2.472414e-01 8.641121e-38 
2.477409e-01 9.600394e-38 
2.482404e-01 1.055882e-37 
2.487400e-01 1.150620e-37 
2.492395e-01 1.243240e-37 
2.497390e-01 1.332742e-37 
2.502385e-01 1.418151e-37 
2.507380e-01 1.498534e-37 
2.512376e-01 1.573002e-37 
2.517371e-01 1.640727e-37 
2.522366e-01 1.700947e-37 
2.527361e-01 1.752977e-37 
2.532357e-01 1.796220e-37 
2.537352e-01 1.830169e-37 
2.542347e-01 1.854414e-37 
2.547342e-01 1.868654e-37 
2.552337e-01 1.872692e-37 
2.557333e-01 1.866444e-37 
2.562328e-01 1.849939e-37 
2.567323e-01 1.823319e-37 
2.572318e-01 1.786839e-37 
2.577314e-01 1.740865e-37 
2.582309e-01 1.685873e-37 
2.587304e-01 1.622438e-37 
2.592299e-01 1.551236e-37 
2.597295e-01 1.473035e-37 
2.602290e-01 1.388682e-37 
2.607285e-01 1.299102e-37 
2.612280e-01 1.205285e-37 
2.617275e-01 1.108274e-37 
2.622271e-01 1.009156e-37 
2.627266e-01 9.090485e-38 
2.632261e-01 8.090908e-38 
2.637256e-01 7.104276e-38 
2.642252e-01 6.141985e-38 
2.647247e-01 5.215252e-38 
2.652242e-01 4.334982e-38 
2.657237e-01 3.511656e-38 
2.662233e-01 2.755202e-38 
2.667228e-01 2.074886e-38 
2.672223e-01 1.479206e-38 
2.677218e-01 9.757863e-39 
2.682213e-01 5.712940e-39 
2.687209e-01 2.713530e-39 
2.692204e-01 8.047593e-40 
2.697199e-01 2.005924e-41 
2.702194e-01 3.807082e-40 
2.707190e-01 1.895507e-39 
2.712185e-01 4.560590e-39 
2.717180e-01 8.359371e-39 
2.722175e-01 1.326264e-38 
2.727171e-01 1.922878e-38 
2.732166e-01 2.620416e-38 
2.737161e-01 3.412362e-38 
2.742156e-01 4.291108e-38 
2.747151e-01 5.248038e-38 
2.752147e-01 6.273608e-38 
2.757142e-01 7.357449e-38 
2.762137e-01 8.488473e-38 
2.767132e-01 9.654993e-38 
2.772128e-01 1.084485e-37 
2.777123e-01 1.204552e-37 
2.782118e-01 1.324431e-37 
2.787113e-01 1.442842e-37 
2.792109e-01 1.558513e-37 
2.797104e-01 1.670195e-37 
2.802099e-01 1.776672e-37 
2.807094e-01 1.876777e-37 
2.812089e-01 1.969406e-37 
2.817085e-01 2.053530e-37 
2.822080e-01 2.128205e-37 
2.827075e-01 2.192586e-37 
2.832070e-01 2.245935e-37 
2.837066e-01 2.287631e-37 
2.842061e-01 2.317177e-37 
2.847056e-01 2.334207e-37 
2.852051e-01 2.338489e-37 
2.857046e-01 2.329933e-37 
2.862042e-01 2.308587e-37 
2.867037e-01 2.274642e-37 
2.872032e-01 2.228430e-37 
2.877027e-01 2.170420e-37 
2.882023e-01 2.101214e-37 
2.887018e-01 2.021542e-37 
2.892013e-01 1.932256e-37 
2.897008e-01 1.834317e-37 
2.902004e-01 1.728792e-37 
2.906999e-01 1.616837e-37 
2.911994e-01 1.499685e-37 
2.916989e-01 1.378639e-37 
2.921984e-01 1.255052e-37 
2.926980e-01 1.130313e-37 
2.931975e-01 1.005836e-37 
2.936970e-01 8.830401e-38 
2.941965e-01 7.633358e-38 
2.946961e-01 6.481096e-38 
2.951956e-01 5.387080e-38 
2.956951e-01 4.364225e-38 
2.961946e-01 3.424748e-38 
2.966942e-01 2.580031e-38 
2.971937e-01 1.840490e-38 
2.976932e-01 1.215451e-38 
2.981927e-01 7.130403e-39 
2.986922e-01 3.400890e-39 
2.991918e-01 1.020464e-39 
2.996913e-01 2.911915e-41 
3.001908e-01 4.518074e-40 
3.006903e-01 2.298065e-39 
3.011899e-01 5.561805e-39 
3.016894e-01 1.022128e-38 
3.021889e-01 1.623921e-38 
3.026884e-01 2.356311e-38 
3.031880e-01 3.212576e-38 
3.036875e-01 4.184582e-38 
3.041870e-01 5.262870e-38 
3.046865e-01 6.436745e-38 
3.051860e-01 7.694389e-38 
3.056856e-01 9.022985e-38 
3.061851e-01 1.040885e-37 
3.066846e-01 1.183758e-37 
3.071841e-01 1.329421e-37 
3.076837e-01 1.476336e-37 
3.081832e-01 1.622942e-37 
3.086827e-01 1.767672e-37 
3.091822e-01 1.908968e-37 
3.096818e-01 2.045301e-37 
3.101813e-01 2.175187e-37 
3.106808e-01 2.297202e-37 
3.111803e-01 2.410002e-37 
3.116798e-01 2.512334e-37 
3.121794e-01 2.603053e-37 
3.126789e-01 2.681135e-37 
3.131784e-01 2.745690e-37 
3.136779e-01 2.795968e-37 
3.141775e-01 2.831375e-37 
3.146770e-01 2.851476e-37 
3.151765e-01 2.856001e-37 
3.156760e-01 2.844852e-37 
3.161756e-01 2.818101e-37 
3.166751e-01 2.775995e-37 
3.171746e-01 2.718950e-37 
3.176741e-01 2.647549e-37 
3.181736e-01 2.562538e-37 
3.186732e-01 2.464818e-37 
3.191727e-01 2.355435e-37 
3.196722e-01 2.235571e-37 
3.201717e-01 2.106530e-37 
3.206713e-01 1.969725e-37 
3.211708e-01 1.826666e-37 
3.216703e-01 1.678938e-37 
3.221698e-01 1.528189e-37 
3.226693e-01 1.376113e-37 
3.231689e-01 1.224424e-37 
3.236684e-01 1.074847e-37 
3.241679e-01 9.290921e-38 
3.246674e-01 7.888391e-38 
3.251670e-01 6.557172e-38 
3.256665e-01 5.312869e-38 
3.261660e-01 4.170230e-38 
3.266655e-01 3.142973e-38 
3.271651e-01 2.243630e-38 
3.276646e-01 1.483401e-38 
3.281641e-01 8.720230e-39 
3.286636e-01 4.176535e-39 
3.291631e-01 1.267710e-39 
3.296627e-01 4.092975e-41 
3.301622e-01 5.251370e-40 
3.306617e-01 2.730609e-39 
3.311612e-01 6.648733e-39 
3.316608e-01 1.225199e-38 
3.321603e-01 1.949412e-38 
3.326598e-01 2.831058e-38 
3.331593e-01 3.861907e-38 
3.336589e-01 5.032037e-38 
3.341584e-01 6.329936e-38 
3.346579e-01 7.742612e-38 
3.351574e-01 9.255737e-38 
3.356569e-01 1.085379e-37 
3.361565e-01 1.252021e-37 
3.366560e-01 1.423762e-37 
3.371555e-01 1.598793e-37 
3.376550e-01 1.775262e-37 
3.381546e-01 1.951289e-37 
3.386541e-01 2.124987e-37 
3.391536e-01 2.294485e-37 
3.396531e-01 2.457947e-37 
3.401527e-01 2.613590e-37 
3.406522e-01 2.759712e-37 
3.411517e-01 2.894700e-37 
3.416512e-01 3.017059e-37 
3.421507e-01 3.125422e-37 
3.426503e-01 3.218569e-37 
3.431498e-01 3.295440e-37 
3.436493e-01 3.355147e-37 
3.441488e-01 3.396989e-37 
3.446484e-01 3.420456e-37 
3.451479e-01 3.425236e-37 
3.456474e-01 3.411223e-37 
3.461469e-01 3.378517e-37 
3.466465e-01 3.327425e-37 
3.471460e-01 3.258456e-37 
3.476455e-01 3.172323e-37 
3.481450e-01 3.069927e-37 
3.486445e-01 2.952358e-37 
3.491441e-01 2.820876e-37 
3.496436e-01 2.676904e-37 
3.501431e-01 2.522009e-37 
3.506426e-01 2.357889e-37 
3.511422e-01 2.186351e-37 
3.516417e-01 2.009296e-37 
3.521412e-01 1.828696e-37 
3.526407e-01 1.646574e-37 
3.531402e-01 1.464980e-37 
3.536398e-01 1.285971e-37 
3.541393e-01 1.111586e-37 
3.546388e-01 9.438270e-38 
3.551383e-01 7.846321e-38 
3.556379e-01 6.358573e-38 
3.561374e-01 4.992543e-38 
3.566369e-01 3.764505e-38 
3.571364e-01 2.689309e-38 
3.576360e-01 1.780203e-38 
3.581355e-01 1.048685e-38 
3.586350e-01 5.043619e-39 
3.591345e-01 1.548335e-39 
3.596340e-01 5.599549e-41 
3.601336e-01 5.998612e-40 
3.606331e-01 3.190971e-39 
3.611326e-01 7.817898e-39 
3.616321e-01 1.444675e-38 
3.621317e-01 2.302142e-38 
3.626312e-01 3.346408e-38 
3.631307e-01 4.567591e-38 
3.636302e-01 5.953810e-38 
3.641298e-01 7.491300e-38 
3.646293e-01 9.164558e-38 
3.651288e-01 1.095650e-37 
3.656283e-01 1.284865e-37 
3.661278e-01 1.482132e-37 
3.666274e-01 1.685383e-37 
3.671269e-01 1.892473e-37 
3.676264e-01 2.101203e-37 
3.681259e-01 2.309345e-37 
3.686255e-01 2.514665e-37 
3.691250e-01 2.714946e-37 
3.696245e-01 2.908018e-37 
3.701240e-01 3.091776e-37 
3.706236e-01 3.264207e-37 
3.711231e-01 3.423412e-37 
3.716226e-01 3.567628e-37 
3.721221e-01 3.695245e-37 
3.726216e-01 3.804830e-37 
3.731212e-01 3.895140e-37 
3.736207e-01 3.965137e-37 
3.741202e-01 4.014001e-37 
3.746197e-01 4.041141e-37 
3.751193e-01 4.046201e-37 
3.756188e-01 4.029068e-37 
3.761183e-01 3.989869e-37 
3.766178e-01 3.928979e-37 
3.771174e-01 3.847010e-37 
3.776169e-01 3.744813e-37 
3.781164e-01 3.623463e-37 
3.786159e-01 3.484253e-37 
3.791154e-01 3.328678e-37 
3.796150e-01 3.158424e-37 
3.801145e-01 2.975346e-37 
3.806140e-01 2.781447e-37 
3.811135e-01 2.578865e-37 
3.816131e-01 2.369841e-37 
3.821126e-01 2.156701e-37 
3.826121e-01 1.941826e-37 
3.831116e-01 1.727631e-37 
3.836112e-01 1.516536e-37 
3.841107e-01 1.310937e-37 
3.846102e-01 1.113187e-37 
3.851097e-01 9.255596e-38 
3.856092e-01 7.502326e-38 
3.861088e-01 5.892583e-38 
3.866083e-01 4.445424e-38 
3.871078e-01 3.178214e-38 
3.876073e-01 2.106428e-38 
3.881069e-01 1.243475e-38 
3.886064e-01 6.005337e-39 
3.891059e-01 1.864221e-39 
3.896054e-01 7.486309e-41 
3.901049e-01 6.751860e-40 
3.906045e-01 3.677026e-39 
3.911040e-01 9.065868e-39 
3.916035e-01 1.680087e-38 
3.921030e-01 2.681518e-38 
3.926026e-01 3.901652e-38 
3.931021e-01 5.328813e-38 
3.936016e-01 6.948985e-38 
3.941011e-01 8.745959e-38 
3.946007e-01 1.070150e-37 
3.951002e-01 1.279554e-37 
3.955997e-01 1.500638e-37 
3.960992e-01 1.731093e-37 
3.965987e-01 1.968495e-37 
3.970983e-01 2.210332e-37 
3.975978e-01 2.454031e-37 
3.980973e-01 2.696985e-37 
3.985968e-01 2.936581e-37 
3.990964e-01 3.170232e-37 
3.995959e-01 3.395402e-37 
4.000954e-01 3.609637e-37 
4.005949e-01 3.810589e-37 
4.010945e-01 3.996047e-37 
4.015940e-01 4.163958e-37 
4.020935e-01 4.312451e-37 
4.025930e-01 4.439862e-37 
4.030925e-01 4.544747e-37 
4.035921e-01 4.625906e-37 
4.040916e-01 4.682393e-37 
4.045911e-01 4.713527e-37 
4.050906e-01 4.718906e-37 
4.055902e-01 4.698407e-37 
4.060897e-01 4.652191e-37 
4.065892e-01 4.580703e-37 
4.070887e-01 4.484670e-37 
4.075883e-01 4.365090e-37 
4.080878e-01 4.223227e-37 
4.085873e-01 4.060594e-37 
4.090868e-01 3.878942e-37 
4.095863e-01 3.680240e-37 
4.100859e-01 3.466653e-37 
4.105854e-01 3.240521e-37 
4.110849e-01 3.004332e-37 
4.115844e-01 2.760700e-37 
4.120840e-01 2.512330e-37 
4.125835e-01 2.261996e-37 
4.130830e-01 2.012503e-37 
4.135825e-01 1.766665e-37 
4.140821e-01 1.527265e-37 
4.145816e-01 1.297032e-37 
4.150811e-01 1.078607e-37 
4.155806e-01 8.745116e-38 
4.160801e-01 6.871251e-38 
4.165797e-01 5.186529e-38 
4.170792e-01 3.711035e-38 
4.175787e-01 2.462650e-38 
4.180782e-01 1.456843e-38 
4.185778e-01 7.064926e-39 
4.190773e-01 2.217292e-39 
4.195768e-01 9.812155e-41 
4.200763e-01 7.503601e-40 
4.205758e-01 4.186690e-39 
4.210754e-01 1.038925e-38 
4.215749e-01 1.930967e-38 
4.220744e-01 3.086950e-38 
4.225739e-01 4.496088e-38 
4.230735e-01 6.144760e-38 
4.235730e-01 8.016652e-38 
4.240725e-01 1.009291e-37 
4.245720e-01 1.235236e-37 
4.250716e-01 1.477170e-37 
4.255711e-01 1.732577e-37 
4.260706e-01 1.998780e-37 
4.265701e-01 2.272971e-37 
4.270696e-01 2.552243e-37 
4.275692e-01 2.833618e-37 
4.280687e-01 3.114081e-37 
4.285682e-01 3.390612e-37 
4.290677e-01 3.660222e-37 
4.295673e-01 3.919985e-37 
4.300668e-01 4.167066e-37 
4.305663e-01 4.398759e-37 
4.310658e-01 4.612516e-37 
4.315654e-01 4.805971e-37 
4.320649e-01 4.976973e-37 
4.325644e-01 5.123606e-37 
4.330639e-01 5.244214e-37 
4.335634e-01 5.337421e-37 
4.340630e-01 5.402143e-37 
4.345625e-01 5.437607e-37 
4.350620e-01 5.443357e-37 
4.355615e-01 5.419262e-37 
4.360611e-01 5.365517e-37 
4.365606e-01 5.282646e-37 
4.370601e-01 5.171495e-37 
4.375596e-01 5.033225e-37 
4.380592e-01 4.869299e-37 
4.385587e-01 4.681472e-37 
4.390582e-01 4.471768e-37 
4.395577e-01 4.242459e-37 
4.400572e-01 3.996046e-37 
4.405568e-01 3.735229e-37 
4.410563e-01 3.462876e-37 
4.415558e-01 3.181999e-37 
4.420553e-01 2.895714e-37 
4.425549e-01 2.607212e-37 
4.430544e-01 2.319724e-37 
4.435539e-01 2.036482e-37 
4.440534e-01 1.760689e-37 
4.445530e-01 1.495477e-37 
4.450525e-01 1.243880e-37 
4.455520e-01 1.008794e-37 
4.460515e-01 7.929449e-38 
4.465510e-01 5.988623e-38 
4.470506e-01 4.288468e-38 
4.475501e-01 2.849446e-38 
4.480496e-01 1.689245e-38 
4.485491e-01 8.225662e-39 
4.490487e-01 2.609512e-39 
4.495482e-01 1.264021e-40 
4.500477e-01 8.246739e-40 
4.505472e-01 4.717920e-39 
4.510467e-01 1.178468e-38 
4.515463e-01 2.196854e-38 
4.520458e-01 3.517855e-38 
4.525453e-01 5.129012e-38 
4.530448e-01 7.014624e-38 
4.535444e-01 9.155901e-38 
4.540439e-01 1.153116e-37 
4.545434e-01 1.411606e-37 
4.550429e-01 1.688385e-37 
4.555425e-01 1.980562e-37 
4.560420e-01 2.285069e-37 
4.565415e-01 2.598685e-37 
4.570410e-01 2.918078e-37 
4.575405e-01 3.239836e-37 
4.580401e-01 3.560507e-37 
4.585396e-01 3.876634e-37 
4.590391e-01 4.184798e-37 
4.595386e-01 4.481651e-37 
4.600382e-01 4.763955e-37 
4.605377e-01 5.028618e-37 
4.610372e-01 5.272727e-37 
4.615367e-01 5.493586e-37 
4.620363e-01 5.688739e-37 
4.625358e-01 5.856004e-37 
4.630353e-01 5.993496e-37 
4.635348e-01 6.099649e-37 
4.640343e-01 6.173234e-37 
4.645339e-01 6.213375e-37 
4.650334e-01 6.219561e-37 
4.655329e-01 6.191652e-37 
4.660324e-01 6.129880e-37 
4.665320e-01 6.034852e-37 
4.670315e-01 5.907542e-37 
4.675310e-01 5.749286e-37 
4.680305e-01 5.561762e-37 
4.685301e-01 5.346979e-37 
4.690296e-01 5.107254e-37 
4.695291e-01 4.845189e-37 
4.700286e-01 4.563639e-37 
4.705281e-01 4.265691e-37 
4.710277e-01 3.954621e-37 
4.715272e-01 3.633864e-37 
4.720267e-01 3.306978e-37 
4.725262e-01 2.977602e-37 
4.730258e-01 2.649418e-37 
4.735253e-01 2.326111e-37 
4.740248e-01 2.011328e-37 
4.745243e-01 1.708636e-37 
4.750239e-01 1.421489e-37 
4.755234e-01 1.153179e-37 
4.760229e-01 9.068083e-38 
4.765224e-01 6.852513e-38 
4.770219e-01 4.911209e-38 
4.775215e-01 3.267399e-38 
4.780210e-01 1.941140e-38 
4.785205e-01 9.490864e-39 
4.790200e-01 3.042887e-39 
4.795196e-01 1.603784e-40 
4.800191e-01 8.974605e-40 
4.805186e-01 5.268717e-39 
4.810181e-01 1.324887e-38 
4.815177e-01 2.477288e-38 
4.820172e-01 3.973650e-38 
4.825167e-01 5.799729e-38 
4.830162e-01 7.937598e-38 
4.835157e-01 1.036583e-37 
4.840153e-01 1.305972e-37 
4.845148e-01 1.599153e-37 
4.850143e-01 1.913083e-37 
4.855138e-01 2.244475e-37 
4.860134e-01 2.589837e-37 
4.865129e-01 2.945511e-37 
4.870124e-01 3.307709e-37 
4.875119e-01 3.672557e-37 
4.880114e-01 4.036136e-37 
4.885110e-01 4.394524e-37 
4.890105e-01 4.743840e-37 
4.895100e-01 5.080288e-37 
4.900095e-01 5.400198e-37 
4.905091e-01 5.700065e-37 
4.910086e-01 5.976591e-37 
4.915081e-01 6.226722e-37 
4.920076e-01 6.447681e-37 
4.925072e-01 6.636999e-37 
4.930067e-01 6.792547e-37 
4.935062e-01 6.912556e-37 
4.940057e-01 6.995643e-37 
4.945052e-01 7.040823e-37 
4.950048e-01 7.047525e-37 
4.955043e-01 7.015597e-37 
4.960038e-01 6.945313e-37 
4.965033e-01 6.837367e-37 
4.970029e-01 6.692871e-37 
4.975024e-01 6.513344e-37 
4.980019e-01 6.300695e-37 
4.985014e-01 6.057205e-37 
4.990010e-01 5.785502e-37 
4.995005e-01 5.488536e-37 
