9.765625e-04 1.855355e-42 
1.953125e-03 2.210351e-42 
2.929688e-03 4.436784e-42 
3.906250e-03 9.511561e-42 
4.882812e-03 1.793098e-41 
5.859375e-03 3.440452e-41 
6.835938e-03 6.611025e-41 
7.812500e-03 1.013874e-40 
8.789062e-03 1.542252e-40 
9.765625e-03 1.924975e-40 
1.074219e-02 2.851159e-40 
1.171875e-02 3.654791e-40 
1.269531e-02 4.518282e-40 
1.367188e-02 5.212570e-40 
1.464844e-02 5.943315e-40 
1.562500e-02 7.126738e-40 
1.660156e-02 8.244215e-40 
1.757812e-02 8.618957e-40 
1.855469e-02 8.573668e-40 
1.953125e-02 8.267648e-40 
2.050781e-02 8.167735e-40 
2.148438e-02 7.874378e-40 
2.246094e-02 6.925510e-40 
2.343750e-02 6.333583e-40 
2.441406e-02 5.705120e-40 
2.539062e-02 3.798985e-40 
2.636719e-02 2.591104e-40 
2.734375e-02 1.586474e-40 
2.832031e-02 7.286167e-41 
2.929688e-02 1.833968e-41 
3.027344e-02 1.007398e-41 
3.125000e-02 6.005458e-41 
3.222656e-02 1.729661e-40 
3.320312e-02 3.847579e-40 
3.417969e-02 6.752504e-40 
3.515625e-02 9.586570e-40 
3.613281e-02 1.424591e-39 
3.710938e-02 1.897917e-39 
3.808594e-02 2.424842e-39 
3.906250e-02 3.091788e-39 
4.003906e-02 3.521290e-39 
4.101562e-02 3.997490e-39 
4.199219e-02 4.438692e-39 
4.296875e-02 4.793760e-39 
4.394531e-02 5.406983e-39 
4.492188e-02 6.360650e-39 
4.589844e-02 5.719991e-39 
4.687500e-02 6.022083e-39 
4.785156e-02 5.553673e-39 
4.882812e-02 5.242886e-39 
4.980469e-02 5.194028e-39 
5.078125e-02 5.302693e-39 
5.175781e-02 4.556285e-39 
5.273438e-02 3.744828e-39 
5.371094e-02 3.010696e-39 
5.468750e-02 2.413929e-39 
5.566406e-02 1.778372e-39 
5.664062e-02 1.029363e-39 
5.761719e-02 5.556373e-40 
5.859375e-02 2.243308e-40 
5.957031e-02 4.534637e-41 
6.054688e-02 7.592656e-41 
6.152344e-02 3.390387e-40 
6.250000e-02 8.346173e-40 
6.347656e-02 1.521054e-39 
6.445312e-02 2.514259e-39 
6.542969e-02 3.258925e-39 
6.640625e-02 4.690575e-39 
6.738281e-02 6.040757e-39 
6.835938e-02 7.472564e-39 
6.933594e-02 8.619327e-39 
7.031250e-02 1.097704e-38 
7.128906e-02 1.226593e-38 
7.226562e-02 1.214060e-38 
7.324219e-02 1.339065e-38 
7.421875e-02 1.561080e-38 
7.519531e-02 1.611842e-38 
7.617188e-02 1.611022e-38 
7.714844e-02 1.557427e-38 
7.812500e-02 1.587270e-38 
7.910156e-02 1.361907e-38 
8.007812e-02 1.295674e-38 
8.105469e-02 1.071418e-38 
8.203125e-02 9.094971e-39 
8.300781e-02 7.747146e-39 
8.398438e-02 6.457465e-39 
8.496094e-02 4.841856e-39 
8.593750e-02 3.444244e-39 
8.691406e-02 2.238558e-39 
8.789062e-02 9.900199e-40 
8.886719e-02 3.311245e-40 
8.984375e-02 7.164274e-41 
9.082031e-02 2.662629e-40 
9.179688e-02 9.059684e-40 
9.277344e-02 2.185801e-39 
9.375000e-02 3.703550e-39 
9.472656e-02 5.256848e-39 
9.570312e-02 7.825667e-39 
9.667969e-02 1.109074e-38 
9.765625e-02 1.310551e-38 
9.863281e-02 1.673841e-38 
9.960938e-02 1.821369e-38 
1.005859e-01 2.000721e-38 
1.015625e-01 2.479638e-38 
1.025391e-01 2.656494e-38 
1.035156e-01 2.759392e-38 
1.044922e-01 2.937536e-38 
1.054688e-01 2.845843e-38 
1.064453e-01 2.598777e-38 
1.074219e-01 2.607544e-38 
1.083984e-01 2.705277e-38 
1.093750e-01 2.261827e-38 
1.103516e-01 2.084105e-38 
1.113281e-01 1.984041e-38 
1.123047e-01 1.624139e-38 
1.132812e-01 1.415929e-38 
1.142578e-01 1.060680e-38 
1.152344e-01 8.192894e-39 
1.162109e-01 5.118913e-39 
1.171875e-01 2.888594e-39 
1.181641e-01 1.256721e-39 
1.191406e-01 3.362508e-40 
1.201172e-01 1.509594e-40 
1.210938e-01 7.254857e-40 
1.220703e-01 2.022833e-39 
1.230469e-01 3.977846e-39 
1.240234e-01 6.914339e-39 
1.250000e-01 1.008144e-38 
1.259766e-01 1.382244e-38 
1.269531e-01 1.784040e-38 
1.279297e-01 2.221849e-38 
1.289062e-01 2.778266e-38 
1.298828e-01 3.129011e-38 
1.308594e-01 3.345009e-38 
1.318359e-01 3.747075e-38 
1.328125e-01 4.371331e-38 
1.337891e-01 4.339727e-38 
1.347656e-01 4.051334e-38 
1.357422e-01 4.165941e-38 
1.367188e-01 4.357350e-38 
1.376953e-01 4.094805e-38 
1.386719e-01 3.878245e-38 
1.396484e-01 3.337088e-38 
1.406250e-01 3.257958e-38 
1.416016e-01 2.736025e-38 
1.425781e-01 2.272536e-38 
1.435547e-01 1.772037e-38 
1.445312e-01 1.342845e-38 
1.455078e-01 9.901603e-39 
1.464844e-01 6.070404e-39 
1.474609e-01 3.287004e-39 
1.484375e-01 1.270673e-39 
1.494141e-01 3.113221e-40 
1.503906e-01 3.787139e-40 
1.513672e-01 1.476502e-39 
1.523438e-01 3.923170e-39 
1.533203e-01 6.925090e-39 
1.542969e-01 1.129284e-38 
1.552734e-01 1.578041e-38 
1.562500e-01 2.173468e-38 
1.572266e-01 2.640747e-38 
1.582031e-01 3.336641e-38 
1.591797e-01 3.850467e-38 
1.601562e-01 4.274372e-38 
1.611328e-01 4.714261e-38 
1.621094e-01 5.433070e-38 
1.630859e-01 5.582718e-38 
1.640625e-01 5.628812e-38 
1.650391e-01 6.135928e-38 
1.660156e-01 5.942891e-38 
1.669922e-01 5.196737e-38 
1.679688e-01 4.954376e-38 
1.689453e-01 5.013606e-38 
1.699219e-01 4.905174e-38 
1.708984e-01 4.041930e-38 
1.718750e-01 3.388450e-38 
1.728516e-01 2.874298e-38 
1.738281e-01 2.204579e-38 
1.748047e-01 1.667465e-38 
1.757812e-01 1.107570e-38 
1.767578e-01 6.028326e-39 
1.777344e-01 3.190621e-39 
1.787109e-01 1.167145e-39 
1.796875e-01 3.728239e-40 
1.806641e-01 9.508152e-40 
1.816406e-01 2.853795e-39 
1.826172e-01 6.579765e-39 
1.835938e-01 1.043580e-38 
1.845703e-01 1.746305e-38 
1.855469e-01 2.401690e-38 
1.865234e-01 2.724556e-38 
1.875000e-01 3.694455e-38 
1.884766e-01 4.753258e-38 
1.894531e-01 5.283751e-38 
1.904297e-01 5.805545e-38 
1.914062e-01 5.614794e-38 
1.923828e-01 6.505670e-38 
1.933594e-01 7.164342e-38 
1.943359e-01 7.203206e-38 
1.953125e-01 7.269775e-38 
1.962891e-01 6.986415e-38 
1.972656e-01 6.982490e-38 
1.982422e-01 7.148814e-38 
1.992188e-01 6.596994e-38 
2.001953e-01 5.556093e-38 
2.011719e-01 5.057487e-38 
2.021484e-01 4.273599e-38 
2.031250e-01 3.278505e-38 
2.041016e-01 2.535901e-38 
2.050781e-01 1.775304e-38 
2.060547e-01 1.077076e-38 
2.070312e-01 6.333943e-39 
2.080078e-01 2.864532e-39 
2.089844e-01 9.284967e-40 
2.099609e-01 6.682960e-40 
2.109375e-01 1.945086e-39 
2.119141e-01 4.416979e-39 
2.128906e-01 8.663086e-39 
2.138672e-01 1.506094e-38 
2.148438e-01 2.126015e-38 
2.158203e-01 2.955308e-38 
2.167969e-01 4.012974e-38 
2.177734e-01 5.184537e-38 
2.187500e-01 5.513485e-38 
2.197266e-01 6.044358e-38 
2.207031e-01 7.287390e-38 
2.216797e-01 7.540466e-38 
2.226562e-01 7.690825e-38 
2.236328e-01 9.054019e-38 
2.246094e-01 8.846665e-38 
2.255859e-01 8.323020e-38 
2.265625e-01 8.544262e-38 
2.275391e-01 8.348857e-38 
2.285156e-01 7.273445e-38 
2.294922e-01 6.378824e-38 
2.304688e-01 5.885226e-38 
2.314453e-01 5.577738e-38 
2.324219e-01 4.201836e-38 
2.333984e-01 3.099063e-38 
2.343750e-01 2.398578e-38 
2.353516e-01 1.730640e-38 
2.363281e-01 1.074961e-38 
2.373047e-01 6.197623e-39 
2.382812e-01 2.906388e-39 
2.392578e-01 1.309820e-39 
2.402344e-01 1.437092e-39 
2.412109e-01 3.837819e-39 
2.421875e-01 7.633633e-39 
2.431641e-01 1.233786e-38 
2.441406e-01 1.900487e-38 
2.451172e-01 2.766991e-38 
2.460938e-01 3.750394e-38 
2.470703e-01 4.846739e-38 
2.480469e-01 5.572223e-38 
2.490234e-01 6.155444e-38 
2.500000e-01 6.967249e-38 
2.509766e-01 7.691503e-38 
2.519531e-01 8.252078e-38 
2.529297e-01 8.768687e-38 
2.539062e-01 9.101002e-38 
2.548828e-01 9.241659e-38 
2.558594e-01 9.211817e-38 
2.568359e-01 8.677760e-38 
2.578125e-01 8.177129e-38 
2.587891e-01 7.493842e-38 
2.597656e-01 6.880497e-38 
2.607422e-01 5.927862e-38 
2.617188e-01 4.604499e-38 
2.626953e-01 3.933896e-38 
2.636719e-01 3.142680e-38 
2.646484e-01 2.175607e-38 
2.656250e-01 1.669381e-38 
2.666016e-01 1.073627e-38 
2.675781e-01 5.616582e-39 
2.685547e-01 2.620934e-39 
2.695312e-01 1.814769e-39 
2.705078e-01 2.922639e-39 
2.714844e-01 5.842548e-39 
2.724609e-01 1.012619e-38 
2.734375e-01 1.634055e-38 
2.744141e-01 2.249063e-38 
2.753906e-01 3.267802e-38 
2.763672e-01 4.239994e-38 
2.773438e-01 5.725400e-38 
2.783203e-01 6.913150e-38 
2.792969e-01 7.572614e-38 
2.802734e-01 7.562212e-38 
2.812500e-01 8.971806e-38 
2.822266e-01 9.977916e-38 
2.832031e-01 8.952315e-38 
2.841797e-01 9.126768e-38 
2.851562e-01 1.012568e-37 
2.861328e-01 9.664179e-38 
2.871094e-01 9.087126e-38 
2.880859e-01 8.527523e-38 
2.890625e-01 7.641676e-38 
2.900391e-01 6.602127e-38 
2.910156e-01 5.558729e-38 
2.919922e-01 4.530351e-38 
2.929688e-01 3.656406e-38 
2.939453e-01 3.257004e-38 
2.949219e-01 2.399118e-38 
2.958984e-01 1.392659e-38 
2.968750e-01 9.336152e-39 
2.978516e-01 5.450630e-39 
2.988281e-01 3.540890e-39 
2.998047e-01 3.241946e-39 
3.007812e-01 4.885169e-39 
3.017578e-01 9.475883e-39 
3.027344e-01 1.437116e-38 
3.037109e-01 1.942513e-38 
3.046875e-01 2.742772e-38 
3.056641e-01 3.660236e-38 
3.066406e-01 4.757856e-38 
3.076172e-01 5.463817e-38 
3.085938e-01 6.319624e-38 
3.095703e-01 7.468745e-38 
3.105469e-01 8.381855e-38 
3.115234e-01 1.018592e-37 
3.125000e-01 9.682002e-38 
3.134766e-01 9.954296e-38 
3.144531e-01 1.026726e-37 
3.154297e-01 9.827950e-38 
3.164062e-01 8.752894e-38 
3.173828e-01 8.162541e-38 
3.183594e-01 8.413290e-38 
3.193359e-01 7.829764e-38 
3.203125e-01 6.237202e-38 
3.212891e-01 5.412865e-38 
3.222656e-01 4.658484e-38 
3.232422e-01 3.454941e-38 
3.242188e-01 2.498934e-38 
3.251953e-01 1.864575e-38 
3.261719e-01 1.405998e-38 
3.271484e-01 9.247441e-39 
3.281250e-01 5.900949e-39 
3.291016e-01 5.382051e-39 
3.300781e-01 6.304357e-39 
3.310547e-01 8.214709e-39 
3.320312e-01 1.318966e-38 
3.330078e-01 1.891515e-38 
3.339844e-01 2.586711e-38 
3.349609e-01 3.642217e-38 
3.359375e-01 4.253969e-38 
3.369141e-01 4.674651e-38 
3.378906e-01 5.793144e-38 
3.388672e-01 6.898286e-38 
3.398438e-01 7.525217e-38 
3.408203e-01 8.291086e-38 
3.417969e-01 8.845109e-38 
3.427734e-01 8.920442e-38 
3.437500e-01 9.309806e-38 
3.447266e-01 9.786251e-38 
3.457031e-01 9.663005e-38 
3.466797e-01 9.152323e-38 
3.476562e-01 7.800336e-38 
3.486328e-01 7.096969e-38 
3.496094e-01 6.103933e-38 
3.505859e-01 5.599418e-38 
3.515625e-01 4.921356e-38 
3.525391e-01 4.052733e-38 
3.535156e-01 3.172596e-38 
3.544922e-01 2.399614e-38 
3.554688e-01 1.809050e-38 
3.564453e-01 1.390289e-38 
3.574219e-01 9.878998e-39 
3.583984e-01 8.358612e-39 
3.593750e-01 8.402860e-39 
3.603516e-01 1.016380e-38 
3.613281e-01 1.171415e-38 
3.623047e-01 1.557985e-38 
3.632812e-01 2.312784e-38 
3.642578e-01 3.140916e-38 
3.652344e-01 3.786055e-38 
3.662109e-01 4.302653e-38 
3.671875e-01 5.326557e-38 
3.681641e-01 6.125854e-38 
3.691406e-01 6.456711e-38 
3.701172e-01 6.852712e-38 
3.710938e-01 7.006312e-38 
3.720703e-01 8.109198e-38 
3.730469e-01 7.933500e-38 
3.740234e-01 8.271357e-38 
3.750000e-01 8.627785e-38 
3.759766e-01 8.318494e-38 
3.769531e-01 7.340015e-38 
3.779297e-01 6.988668e-38 
3.789062e-01 6.408694e-38 
3.798828e-01 5.433197e-38 
3.808594e-01 4.905398e-38 
3.818359e-01 4.325288e-38 
3.828125e-01 3.624094e-38 
3.837891e-01 3.002350e-38 
3.847656e-01 2.559091e-38 
3.857422e-01 1.889556e-38 
3.867188e-01 1.489300e-38 
3.876953e-01 1.259927e-38 
3.886719e-01 1.154601e-38 
3.896484e-01 1.165553e-38 
3.906250e-01 1.333493e-38 
3.916016e-01 1.772218e-38 
3.925781e-01 2.241362e-38 
3.935547e-01 2.755867e-38 
3.945312e-01 3.386410e-38 
3.955078e-01 4.174559e-38 
3.964844e-01 4.495672e-38 
3.974609e-01 5.321727e-38 
3.984375e-01 5.804473e-38 
3.994141e-01 6.105882e-38 
4.003906e-01 6.772192e-38 
4.013672e-01 7.808463e-38 
4.023438e-01 7.506308e-38 
4.033203e-01 7.560104e-38 
4.042969e-01 7.655486e-38 
4.052734e-01 7.011632e-38 
4.062500e-01 6.678080e-38 
4.072266e-01 6.476554e-38 
4.082031e-01 5.981270e-38 
4.091797e-01 5.427571e-38 
4.101562e-01 5.288049e-38 
4.111328e-01 4.505806e-38 
4.121094e-01 4.011144e-38 
4.130859e-01 3.280250e-38 
4.140625e-01 2.902720e-38 
4.150391e-01 2.560037e-38 
4.160156e-01 2.118807e-38 
4.169922e-01 1.883358e-38 
4.179688e-01 1.644556e-38 
4.189453e-01 1.674364e-38 
4.199219e-01 1.929135e-38 
4.208984e-01 2.291691e-38 
4.218750e-01 2.603615e-38 
4.228516e-01 2.968581e-38 
4.238281e-01 3.284830e-38 
4.248047e-01 3.528071e-38 
4.257812e-01 3.820311e-38 
4.267578e-01 4.552454e-38 
4.277344e-01 4.783802e-38 
4.287109e-01 5.028051e-38 
4.296875e-01 6.088636e-38 
4.306641e-01 6.323447e-38 
4.316406e-01 5.860666e-38 
4.326172e-01 6.277088e-38 
4.335938e-01 6.601912e-38 
4.345703e-01 6.466764e-38 
4.355469e-01 6.117130e-38 
4.365234e-01 5.635909e-38 
4.375000e-01 5.829208e-38 
4.384766e-01 5.403149e-38 
4.394531e-01 4.702845e-38 
4.404297e-01 4.329426e-38 
4.414062e-01 3.828538e-38 
4.423828e-01 3.542786e-38 
4.433594e-01 3.164163e-38 
4.443359e-01 2.996075e-38 
4.453125e-01 2.762625e-38 
4.462891e-01 2.674663e-38 
4.472656e-01 2.457940e-38 
4.482422e-01 2.389730e-38 
4.492188e-01 2.427752e-38 
4.501953e-01 2.574912e-38 
4.511719e-01 2.697335e-38 
4.521484e-01 2.865624e-38 
4.531250e-01 3.003338e-38 
4.541016e-01 3.501201e-38 
4.550781e-01 3.700118e-38 
4.560547e-01 3.956908e-38 
4.570312e-01 4.587548e-38 
4.580078e-01 4.814498e-38 
4.589844e-01 4.773852e-38 
4.599609e-01 5.280167e-38 
4.609375e-01 5.369827e-38 
4.619141e-01 4.860223e-38 
4.628906e-01 5.448997e-38 
4.638672e-01 5.182353e-38 
4.648438e-01 5.008408e-38 
4.658203e-01 4.969024e-38 
4.667969e-01 4.816532e-38 
4.677734e-01 4.499450e-38 
4.687500e-01 4.488072e-38 
4.697266e-01 4.435501e-38 
4.707031e-01 4.354757e-38 
4.716797e-01 3.740376e-38 
4.726562e-01 3.363839e-38 
4.736328e-01 3.131621e-38 
4.746094e-01 2.994295e-38 
4.755859e-01 2.997997e-38 
4.765625e-01 3.093536e-38 
4.775391e-01 3.210205e-38 
4.785156e-01 3.344291e-38 
4.794922e-01 3.392361e-38 
4.804688e-01 3.307455e-38 
4.814453e-01 3.376468e-38 
4.824219e-01 3.640270e-38 
4.833984e-01 3.748719e-38 
4.843750e-01 3.927545e-38 
4.853516e-01 4.026956e-38 
4.863281e-01 3.820945e-38 
4.873047e-01 3.815718e-38 
4.882812e-01 3.692593e-38 
4.892578e-01 3.990936e-38 
4.902344e-01 4.208935e-38 
4.912109e-01 4.305684e-38 
4.921875e-01 4.027069e-38 
4.931641e-01 4.160257e-38 
4.941406e-01 3.990299e-38 
4.951172e-01 4.103181e-38 
4.960938e-01 3.856493e-38 
4.970703e-01 3.944592e-38 
4.980469e-01 3.970180e-38 
4.990234e-01 3.873684e-38 
5.000000e-01 3.789887e-38 
