2.441406e-04 6.113990e-43 
4.882812e-04 8.276558e-43 
7.324219e-04 1.190950e-42 
9.765625e-04 1.577788e-42 
1.220703e-03 2.170750e-42 
1.464844e-03 2.783543e-42 
1.708984e-03 3.605019e-42 
1.953125e-03 5.115429e-42 
2.197266e-03 6.056295e-42 
2.441406e-03 7.209837e-42 
2.685547e-03 8.155493e-42 
2.929688e-03 1.011349e-41 
3.173828e-03 1.173078e-41 
3.417969e-03 1.339720e-41 
3.662109e-03 1.594491e-41 
3.906250e-03 1.685851e-41 
4.150391e-03 1.742687e-41 
4.394531e-03 1.887515e-41 
4.638672e-03 2.324524e-41 
4.882812e-03 2.406345e-41 
5.126953e-03 2.675372e-41 
5.371094e-03 3.107374e-41 
5.615234e-03 3.233263e-41 
5.859375e-03 3.601444e-41 
6.103516e-03 3.935812e-41 
6.347656e-03 4.195798e-41 
6.591797e-03 4.741561e-41 
6.835938e-03 4.691194e-41 
7.080078e-03 5.265253e-41 
7.324219e-03 5.832152e-41 
7.568359e-03 6.441812e-41 
7.812500e-03 6.318254e-41 
8.056641e-03 6.981381e-41 
8.300781e-03 7.198841e-41 
8.544922e-03 8.192291e-41 
8.789062e-03 9.171413e-41 
9.033203e-03 8.325959e-41 
9.277344e-03 9.340732e-41 
9.521484e-03 9.396623e-41 
9.765625e-03 1.010091e-40 
1.000977e-02 1.102163e-40 
1.025391e-02 1.198329e-40 
1.049805e-02 1.213666e-40 
1.074219e-02 1.227059e-40 
1.098633e-02 1.204008e-40 
1.123047e-02 1.361178e-40 
1.147461e-02 1.516765e-40 
1.171875e-02 1.623137e-40 
1.196289e-02 1.611045e-40 
1.220703e-02 1.666241e-40 
1.245117e-02 1.819220e-40 
1.269531e-02 1.835362e-40 
1.293945e-02 1.733065e-40 
1.318359e-02 1.851720e-40 
1.342773e-02 1.874703e-40 
1.367188e-02 1.899813e-40 
1.391602e-02 2.018122e-40 
1.416016e-02 2.158657e-40 
1.440430e-02 2.374615e-40 
1.464844e-02 2.108989e-40 
1.489258e-02 2.350456e-40 
1.513672e-02 2.396881e-40 
1.538086e-02 2.461594e-40 
1.562500e-02 2.466174e-40 
1.586914e-02 2.443784e-40 
1.611328e-02 2.688512e-40 
1.635742e-02 2.851259e-40 
1.660156e-02 2.767647e-40 
1.684570e-02 3.168761e-40 
1.708984e-02 3.245413e-40 
1.733398e-02 3.088407e-40 
1.757812e-02 3.204178e-40 
1.782227e-02 3.229823e-40 
1.806641e-02 3.461005e-40 
1.831055e-02 3.467889e-40 
1.855469e-02 3.286042e-40 
1.879883e-02 3.608502e-40 
1.904297e-02 3.582938e-40 
1.928711e-02 3.672002e-40 
1.953125e-02 4.269133e-40 
1.977539e-02 4.202129e-40 
2.001953e-02 4.065889e-40 
2.026367e-02 4.095958e-40 
2.050781e-02 4.039615e-40 
2.075195e-02 4.037914e-40 
2.099609e-02 4.354618e-40 
2.124023e-02 4.427242e-40 
2.148438e-02 4.792382e-40 
2.172852e-02 4.665940e-40 
2.197266e-02 4.679451e-40 
2.221680e-02 4.846270e-40 
2.246094e-02 4.772970e-40 
2.270508e-02 5.044167e-40 
2.294922e-02 5.202026e-40 
2.319336e-02 5.264210e-40 
2.343750e-02 5.093294e-40 
2.368164e-02 5.482555e-40 
2.392578e-02 5.585631e-40 
2.416992e-02 5.666624e-40 
2.441406e-02 5.620157e-40 
2.465820e-02 6.362087e-40 
2.490234e-02 6.376941e-40 
2.514648e-02 6.386599e-40 
2.539062e-02 5.711953e-40 
2.563477e-02 5.800672e-40 
2.587891e-02 6.474198e-40 
2.612305e-02 7.301361e-40 
2.636719e-02 7.049488e-40 
2.661133e-02 7.266050e-40 
2.685547e-02 6.696496e-40 
2.709961e-02 6.898739e-40 
2.734375e-02 6.974590e-40 
2.758789e-02 7.024766e-40 
2.783203e-02 7.410904e-40 
2.807617e-02 7.562340e-40 
2.832031e-02 8.141400e-40 
2.856445e-02 7.906930e-40 
2.880859e-02 7.323730e-40 
2.905273e-02 7.280276e-40 
2.929688e-02 8.371905e-40 
2.954102e-02 7.670910e-40 
2.978516e-02 7.592111e-40 
3.002930e-02 7.541310e-40 
3.027344e-02 8.610628e-40 
3.051758e-02 8.433812e-40 
3.076172e-02 8.870771e-40 
3.100586e-02 8.640667e-40 
3.125000e-02 9.176905e-40 
3.149414e-02 9.171075e-40 
3.173828e-02 8.784147e-40 
3.198242e-02 9.123513e-40 
3.222656e-02 1.021224e-39 
3.247070e-02 1.033860e-39 
3.271484e-02 9.489940e-40 
3.295898e-02 9.467016e-40 
3.320312e-02 9.829629e-40 
3.344727e-02 9.883777e-40 
3.369141e-02 1.052906e-39 
3.393555e-02 1.079258e-39 
3.417969e-02 1.102011e-39 
3.442383e-02 1.066215e-39 
3.466797e-02 1.160763e-39 
3.491211e-02 1.171394e-39 
3.515625e-02 1.109141e-39 
3.540039e-02 1.076716e-39 
3.564453e-02 1.160422e-39 
3.588867e-02 1.147441e-39 
3.613281e-02 1.072349e-39 
3.637695e-02 1.086932e-39 
3.662109e-02 1.116498e-39 
3.686523e-02 1.086355e-39 
3.710938e-02 1.069054e-39 
3.735352e-02 1.208246e-39 
3.759766e-02 1.228028e-39 
3.784180e-02 1.338811e-39 
3.808594e-02 1.271658e-39 
3.833008e-02 1.347056e-39 
3.857422e-02 1.317727e-39 
3.881836e-02 1.276439e-39 
3.906250e-02 1.311651e-39 
3.930664e-02 1.240207e-39 
3.955078e-02 1.195037e-39 
3.979492e-02 1.310037e-39 
4.003906e-02 1.360469e-39 
4.028320e-02 1.427554e-39 
4.052734e-02 1.448427e-39 
4.077148e-02 1.379932e-39 
4.101562e-02 1.297184e-39 
4.125977e-02 1.396308e-39 
4.150391e-02 1.354737e-39 
4.174805e-02 1.324286e-39 
4.199219e-02 1.376189e-39 
4.223633e-02 1.357698e-39 
4.248047e-02 1.426123e-39 
4.272461e-02 1.456740e-39 
4.296875e-02 1.527320e-39 
4.321289e-02 1.432937e-39 
4.345703e-02 1.529290e-39 
4.370117e-02 1.559469e-39 
4.394531e-02 1.574209e-39 
4.418945e-02 1.642828e-39 
4.443359e-02 1.610468e-39 
4.467773e-02 1.552815e-39 
4.492188e-02 1.555350e-39 
4.516602e-02 1.609171e-39 
4.541016e-02 1.606908e-39 
4.565430e-02 1.550214e-39 
4.589844e-02 1.660219e-39 
4.614258e-02 1.618461e-39 
4.638672e-02 1.682165e-39 
4.663086e-02 1.635111e-39 
4.687500e-02 1.617913e-39 
4.711914e-02 1.658651e-39 
4.736328e-02 1.581323e-39 
4.760742e-02 1.567330e-39 
4.785156e-02 1.669549e-39 
4.809570e-02 1.639535e-39 
4.833984e-02 1.622905e-39 
4.858398e-02 1.715666e-39 
4.882812e-02 1.819356e-39 
4.907227e-02 1.852964e-39 
4.931641e-02 1.758556e-39 
4.956055e-02 1.816686e-39 
4.980469e-02 1.667197e-39 
5.004883e-02 1.737144e-39 
5.029297e-02 1.794179e-39 
5.053711e-02 1.816848e-39 
5.078125e-02 1.932808e-39 
5.102539e-02 1.889122e-39 
5.126953e-02 1.841366e-39 
5.151367e-02 1.775484e-39 
5.175781e-02 1.757785e-39 
5.200195e-02 1.864813e-39 
5.224609e-02 1.885729e-39 
5.249023e-02 1.787927e-39 
5.273438e-02 1.972992e-39 
5.297852e-02 1.947267e-39 
5.322266e-02 1.848564e-39 
5.346680e-02 2.016892e-39 
5.371094e-02 2.066922e-39 
5.395508e-02 1.917905e-39 
5.419922e-02 1.987296e-39 
5.444336e-02 1.819390e-39 
5.468750e-02 1.950895e-39 
5.493164e-02 1.781916e-39 
5.517578e-02 1.851363e-39 
5.541992e-02 2.132969e-39 
5.566406e-02 2.021021e-39 
5.590820e-02 2.152028e-39 
5.615234e-02 2.133273e-39 
5.639648e-02 2.079009e-39 
5.664062e-02 1.985081e-39 
5.688477e-02 1.967256e-39 
5.712891e-02 1.991112e-39 
5.737305e-02 1.972155e-39 
5.761719e-02 2.032023e-39 
5.786133e-02 1.969892e-39 
5.810547e-02 2.060426e-39 
5.834961e-02 2.101932e-39 
5.859375e-02 2.097117e-39 
5.883789e-02 2.190724e-39 
5.908203e-02 2.083425e-39 
5.932617e-02 2.246063e-39 
5.957031e-02 2.203260e-39 
5.981445e-02 2.132406e-39 
6.005859e-02 2.154336e-39 
6.030273e-02 2.020621e-39 
6.054688e-02 2.016816e-39 
6.079102e-02 2.045098e-39 
6.103516e-02 2.204406e-39 
6.127930e-02 2.018811e-39 
6.152344e-02 2.116073e-39 
6.176758e-02 2.159846e-39 
6.201172e-02 2.217921e-39 
6.225586e-02 2.214373e-39 
6.250000e-02 2.037780e-39 
6.274414e-02 2.093374e-39 
6.298828e-02 2.134810e-39 
6.323242e-02 2.170541e-39 
6.347656e-02 2.337528e-39 
6.372070e-02 2.249404e-39 
6.396484e-02 2.304906e-39 
6.420898e-02 2.186508e-39 
6.445312e-02 2.348877e-39 
6.469727e-02 2.129727e-39 
6.494141e-02 2.399780e-39 
6.518555e-02 2.332677e-39 
6.542969e-02 2.116317e-39 
6.567383e-02 2.253292e-39 
6.591797e-02 2.164178e-39 
6.616211e-02 2.360911e-39 
6.640625e-02 2.463275e-39 
6.665039e-02 2.285024e-39 
6.689453e-02 2.248940e-39 
6.713867e-02 2.287652e-39 
6.738281e-02 2.430768e-39 
6.762695e-02 2.431848e-39 
6.787109e-02 2.403556e-39 
6.811523e-02 2.370908e-39 
6.835938e-02 2.437291e-39 
6.860352e-02 2.533441e-39 
6.884766e-02 2.440455e-39 
6.909180e-02 2.579180e-39 
6.933594e-02 2.491703e-39 
6.958008e-02 2.198613e-39 
6.982422e-02 2.172601e-39 
7.006836e-02 2.213917e-39 
7.031250e-02 2.200760e-39 
7.055664e-02 2.285333e-39 
7.080078e-02 2.300618e-39 
7.104492e-02 2.187567e-39 
7.128906e-02 2.256609e-39 
7.153320e-02 2.345223e-39 
7.177734e-02 2.380447e-39 
7.202148e-02 2.399597e-39 
7.226562e-02 2.410142e-39 
7.250977e-02 2.436259e-39 
7.275391e-02 2.356304e-39 
7.299805e-02 2.428083e-39 
7.324219e-02 2.468447e-39 
7.348633e-02 2.483098e-39 
7.373047e-02 2.403127e-39 
7.397461e-02 2.214599e-39 
7.421875e-02 2.263180e-39 
7.446289e-02 2.422844e-39 
7.470703e-02 2.231382e-39 
7.495117e-02 2.238146e-39 
7.519531e-02 2.270816e-39 
7.543945e-02 2.370941e-39 
7.568359e-02 2.408281e-39 
7.592773e-02 2.180592e-39 
7.617188e-02 2.267764e-39 
7.641602e-02 2.427160e-39 
7.666016e-02 2.292251e-39 
7.690430e-02 2.392236e-39 
7.714844e-02 2.403084e-39 
7.739258e-02 2.541020e-39 
7.763672e-02 2.588974e-39 
7.788086e-02 2.455367e-39 
7.812500e-02 2.582237e-39 
7.836914e-02 2.433443e-39 
7.861328e-02 2.584207e-39 
7.885742e-02 2.443037e-39 
7.910156e-02 2.474260e-39 
7.934570e-02 2.467513e-39 
7.958984e-02 2.304529e-39 
7.983398e-02 2.212490e-39 
8.007812e-02 2.529910e-39 
8.032227e-02 2.748524e-39 
8.056641e-02 2.527407e-39 
8.081055e-02 2.339987e-39 
8.105469e-02 2.304312e-39 
8.129883e-02 2.283553e-39 
8.154297e-02 2.240530e-39 
8.178711e-02 2.220787e-39 
8.203125e-02 2.539091e-39 
8.227539e-02 2.514950e-39 
8.251953e-02 2.505854e-39 
8.276367e-02 2.362347e-39 
8.300781e-02 2.248667e-39 
8.325195e-02 2.530955e-39 
8.349609e-02 2.493066e-39 
8.374023e-02 2.663926e-39 
8.398438e-02 2.350474e-39 
8.422852e-02 2.179000e-39 
8.447266e-02 2.372987e-39 
8.471680e-02 2.459301e-39 
8.496094e-02 2.385229e-39 
8.520508e-02 2.343375e-39 
8.544922e-02 2.393319e-39 
8.569336e-02 2.440054e-39 
8.593750e-02 2.527572e-39 
8.618164e-02 2.548027e-39 
8.642578e-02 2.611792e-39 
8.666992e-02 2.303820e-39 
8.691406e-02 2.292643e-39 
8.715820e-02 2.312860e-39 
8.740234e-02 2.414097e-39 
8.764648e-02 2.296310e-39 
8.789062e-02 2.467427e-39 
8.813477e-02 2.370084e-39 
8.837891e-02 2.349190e-39 
8.862305e-02 2.368719e-39 
8.886719e-02 2.201626e-39 
8.911133e-02 2.167276e-39 
8.935547e-02 2.277441e-39 
8.959961e-02 2.277103e-39 
8.984375e-02 2.306689e-39 
9.008789e-02 2.194508e-39 
9.033203e-02 2.157192e-39 
9.057617e-02 2.281220e-39 
9.082031e-02 2.403229e-39 
9.106445e-02 2.425099e-39 
9.130859e-02 2.293665e-39 
9.155273e-02 2.210327e-39 
9.179688e-02 2.363803e-39 
9.204102e-02 2.491626e-39 
9.228516e-02 2.408266e-39 
9.252930e-02 2.366096e-39 
9.277344e-02 2.398323e-39 
9.301758e-02 2.257495e-39 
9.326172e-02 2.137986e-39 
9.350586e-02 2.098361e-39 
9.375000e-02 2.281289e-39 
9.399414e-02 2.395555e-39 
9.423828e-02 2.284640e-39 
9.448242e-02 2.291927e-39 
9.472656e-02 2.602832e-39 
9.497070e-02 2.507458e-39 
9.521484e-02 2.367762e-39 
9.545898e-02 2.340530e-39 
9.570312e-02 2.401250e-39 
9.594727e-02 2.307356e-39 
9.619141e-02 2.330617e-39 
9.643555e-02 2.334045e-39 
9.667969e-02 2.298770e-39 
9.692383e-02 2.230210e-39 
9.716797e-02 2.317810e-39 
9.741211e-02 2.275436e-39 
9.765625e-02 2.278875e-39 
9.790039e-02 2.388956e-39 
9.814453e-02 2.368346e-39 
9.838867e-02 2.305586e-39 
9.863281e-02 2.340357e-39 
9.887695e-02 2.193235e-39 
9.912109e-02 2.118184e-39 
9.936523e-02 2.146613e-39 
9.960938e-02 2.216900e-39 
9.985352e-02 2.343177e-39 
1.000977e-01 2.146747e-39 
1.003418e-01 2.095573e-39 
1.005859e-01 2.141618e-39 
1.008301e-01 2.165420e-39 
1.010742e-01 2.215237e-39 
1.013184e-01 2.204244e-39 
1.015625e-01 2.079078e-39 
1.018066e-01 2.081520e-39 
1.020508e-01 2.140980e-39 
1.022949e-01 2.191730e-39 
1.025391e-01 2.246472e-39 
1.027832e-01 2.170097e-39 
1.030273e-01 2.046117e-39 
1.032715e-01 2.038061e-39 
1.035156e-01 2.097908e-39 
1.037598e-01 2.023891e-39 
1.040039e-01 2.087196e-39 
1.042480e-01 2.033580e-39 
1.044922e-01 1.925405e-39 
1.047363e-01 2.119444e-39 
1.049805e-01 2.372470e-39 
1.052246e-01 2.317942e-39 
1.054688e-01 2.293428e-39 
1.057129e-01 2.099190e-39 
1.059570e-01 1.985415e-39 
1.062012e-01 2.150657e-39 
1.064453e-01 2.206727e-39 
1.066895e-01 2.225753e-39 
1.069336e-01 2.218397e-39 
1.071777e-01 2.087324e-39 
1.074219e-01 2.273568e-39 
1.076660e-01 2.270539e-39 
1.079102e-01 2.036901e-39 
1.081543e-01 2.031676e-39 
1.083984e-01 2.152250e-39 
1.086426e-01 2.169252e-39 
1.088867e-01 2.111138e-39 
1.091309e-01 2.014433e-39 
1.093750e-01 2.065235e-39 
1.096191e-01 2.014120e-39 
1.098633e-01 2.040752e-39 
1.101074e-01 2.092664e-39 
1.103516e-01 2.317270e-39 
1.105957e-01 2.157459e-39 
1.108398e-01 1.970554e-39 
1.110840e-01 2.160772e-39 
1.113281e-01 2.267268e-39 
1.115723e-01 2.213055e-39 
1.118164e-01 2.231327e-39 
1.120605e-01 2.187639e-39 
1.123047e-01 1.817248e-39 
1.125488e-01 2.096244e-39 
1.127930e-01 2.043805e-39 
1.130371e-01 2.059626e-39 
1.132812e-01 1.874409e-39 
1.135254e-01 1.963262e-39 
1.137695e-01 2.001976e-39 
1.140137e-01 1.817036e-39 
1.142578e-01 1.910540e-39 
1.145020e-01 2.198510e-39 
1.147461e-01 2.036823e-39 
1.149902e-01 1.989546e-39 
1.152344e-01 1.915670e-39 
1.154785e-01 2.082254e-39 
1.157227e-01 1.761436e-39 
1.159668e-01 1.794108e-39 
1.162109e-01 1.844972e-39 
1.164551e-01 1.849656e-39 
1.166992e-01 1.951124e-39 
1.169434e-01 1.969633e-39 
1.171875e-01 1.763025e-39 
1.174316e-01 1.779966e-39 
1.176758e-01 1.850163e-39 
1.179199e-01 2.016331e-39 
1.181641e-01 1.985734e-39 
1.184082e-01 1.944643e-39 
1.186523e-01 2.029076e-39 
1.188965e-01 1.960799e-39 
1.191406e-01 2.022504e-39 
1.193848e-01 1.953739e-39 
1.196289e-01 1.901739e-39 
1.198730e-01 2.055972e-39 
1.201172e-01 2.027002e-39 
1.203613e-01 2.096827e-39 
1.206055e-01 1.807836e-39 
1.208496e-01 2.017143e-39 
1.210938e-01 2.061007e-39 
1.213379e-01 1.924691e-39 
1.215820e-01 1.905578e-39 
1.218262e-01 1.889540e-39 
1.220703e-01 1.879030e-39 
1.223145e-01 1.934580e-39 
1.225586e-01 1.929260e-39 
1.228027e-01 1.821953e-39 
1.230469e-01 1.801998e-39 
1.232910e-01 1.859937e-39 
1.235352e-01 1.862320e-39 
1.237793e-01 1.822490e-39 
1.240234e-01 1.930847e-39 
1.242676e-01 1.880390e-39 
1.245117e-01 1.862666e-39 
1.247559e-01 1.936136e-39 
1.250000e-01 1.952484e-39 
