2.441406e-04 2.116438e-43 
4.882812e-04 4.240908e-43 
7.324219e-04 7.862935e-43 
9.765625e-04 1.226932e-42 
1.220703e-03 1.822158e-42 
1.464844e-03 2.467222e-42 
1.708984e-03 3.247001e-42 
1.953125e-03 4.765765e-42 
2.197266e-03 5.677143e-42 
2.441406e-03 6.763359e-42 
2.685547e-03 7.815529e-42 
2.929688e-03 9.594972e-42 
3.173828e-03 1.118694e-41 
3.417969e-03 1.325301e-41 
3.662109e-03 1.539887e-41 
3.906250e-03 1.648256e-41 
4.150391e-03 1.702623e-41 
4.394531e-03 1.911183e-41 
4.638672e-03 2.319577e-41 
4.882812e-03 2.407576e-41 
5.126953e-03 2.675460e-41 
5.371094e-03 3.030977e-41 
5.615234e-03 3.272236e-41 
5.859375e-03 3.613286e-41 
6.103516e-03 4.125511e-41 
6.347656e-03 4.307319e-41 
6.591797e-03 4.699025e-41 
6.835938e-03 4.867950e-41 
7.080078e-03 5.129575e-41 
7.324219e-03 5.671343e-41 
7.568359e-03 6.132395e-41 
7.812500e-03 6.547808e-41 
8.056641e-03 6.897159e-41 
8.300781e-03 6.932737e-41 
8.544922e-03 8.175226e-41 
8.789062e-03 9.015071e-41 
9.033203e-03 8.268894e-41 
9.277344e-03 8.963800e-41 
9.521484e-03 9.379172e-41 
9.765625e-03 9.763154e-41 
1.000977e-02 1.159635e-40 
1.025391e-02 1.253113e-40 
1.049805e-02 1.240045e-40 
1.074219e-02 1.273292e-40 
1.098633e-02 1.251837e-40 
1.123047e-02 1.354839e-40 
1.147461e-02 1.415414e-40 
1.171875e-02 1.444108e-40 
1.196289e-02 1.472212e-40 
1.220703e-02 1.621108e-40 
1.245117e-02 1.708822e-40 
1.269531e-02 1.839502e-40 
1.293945e-02 1.828805e-40 
1.318359e-02 1.805745e-40 
1.342773e-02 1.978089e-40 
1.367188e-02 2.066101e-40 
1.391602e-02 2.158425e-40 
1.416016e-02 2.185752e-40 
1.440430e-02 2.157241e-40 
1.464844e-02 2.105781e-40 
1.489258e-02 2.163163e-40 
1.513672e-02 2.354409e-40 
1.538086e-02 2.526379e-40 
1.562500e-02 2.567319e-40 
1.586914e-02 2.665707e-40 
1.611328e-02 2.668625e-40 
1.635742e-02 2.733128e-40 
1.660156e-02 2.820614e-40 
1.684570e-02 2.977344e-40 
1.708984e-02 2.937729e-40 
1.733398e-02 2.927478e-40 
1.757812e-02 3.144846e-40 
1.782227e-02 3.129350e-40 
1.806641e-02 3.031048e-40 
1.831055e-02 3.583905e-40 
1.855469e-02 3.441813e-40 
1.879883e-02 3.459454e-40 
1.904297e-02 3.516804e-40 
1.928711e-02 3.974985e-40 
1.953125e-02 3.712121e-40 
1.977539e-02 4.226740e-40 
2.001953e-02 4.252590e-40 
2.026367e-02 4.037630e-40 
2.050781e-02 4.248785e-40 
2.075195e-02 4.148097e-40 
2.099609e-02 4.787819e-40 
2.124023e-02 5.046196e-40 
2.148438e-02 4.983983e-40 
2.172852e-02 4.852048e-40 
2.197266e-02 4.891955e-40 
2.221680e-02 4.741008e-40 
2.246094e-02 4.888497e-40 
2.270508e-02 4.797284e-40 
2.294922e-02 5.053115e-40 
2.319336e-02 5.368475e-40 
2.343750e-02 5.508887e-40 
2.368164e-02 5.671058e-40 
2.392578e-02 5.984377e-40 
2.416992e-02 6.089234e-40 
2.441406e-02 5.992396e-40 
2.465820e-02 5.812802e-40 
2.490234e-02 5.985521e-40 
2.514648e-02 6.433809e-40 
2.539062e-02 6.110764e-40 
2.563477e-02 6.195748e-40 
2.587891e-02 6.661176e-40 
2.612305e-02 6.151934e-40 
2.636719e-02 6.015808e-40 
2.661133e-02 6.439368e-40 
2.685547e-02 7.172011e-40 
2.709961e-02 7.745465e-40 
2.734375e-02 7.650799e-40 
2.758789e-02 7.472570e-40 
2.783203e-02 7.468831e-40 
2.807617e-02 7.821487e-40 
2.832031e-02 7.574362e-40 
2.856445e-02 7.708255e-40 
2.880859e-02 7.699425e-40 
2.905273e-02 7.172240e-40 
2.929688e-02 8.196355e-40 
2.954102e-02 9.083700e-40 
2.978516e-02 9.295892e-40 
3.002930e-02 8.667700e-40 
3.027344e-02 8.739858e-40 
3.051758e-02 8.983430e-40 
3.076172e-02 9.146098e-40 
3.100586e-02 9.489939e-40 
3.125000e-02 9.835403e-40 
3.149414e-02 9.029487e-40 
3.173828e-02 9.322152e-40 
3.198242e-02 9.571236e-40 
3.222656e-02 1.011698e-39 
3.247070e-02 9.847679e-40 
3.271484e-02 9.766416e-40 
3.295898e-02 1.007993e-39 
3.320312e-02 1.002688e-39 
3.344727e-02 1.011630e-39 
3.369141e-02 9.808938e-40 
3.393555e-02 9.989239e-40 
3.417969e-02 1.026918e-39 
3.442383e-02 1.027622e-39 
3.466797e-02 1.042221e-39 
3.491211e-02 1.014704e-39 
3.515625e-02 1.061206e-39 
3.540039e-02 1.074724e-39 
3.564453e-02 1.068371e-39 
3.588867e-02 1.238464e-39 
3.613281e-02 1.174713e-39 
3.637695e-02 1.150259e-39 
3.662109e-02 1.156862e-39 
3.686523e-02 1.192592e-39 
3.710938e-02 1.269752e-39 
3.735352e-02 1.199635e-39 
3.759766e-02 1.232561e-39 
3.784180e-02 1.182472e-39 
3.808594e-02 1.115015e-39 
3.833008e-02 1.324747e-39 
3.857422e-02 1.440769e-39 
3.881836e-02 1.349274e-39 
3.906250e-02 1.299883e-39 
3.930664e-02 1.284452e-39 
3.955078e-02 1.291902e-39 
3.979492e-02 1.360156e-39 
4.003906e-02 1.350600e-39 
4.028320e-02 1.357139e-39 
4.052734e-02 1.433186e-39 
4.077148e-02 1.468275e-39 
4.101562e-02 1.456950e-39 
4.125977e-02 1.414555e-39 
4.150391e-02 1.422713e-39 
4.174805e-02 1.270334e-39 
4.199219e-02 1.472901e-39 
4.223633e-02 1.446724e-39 
4.248047e-02 1.511219e-39 
4.272461e-02 1.481172e-39 
4.296875e-02 1.505214e-39 
4.321289e-02 1.509007e-39 
4.345703e-02 1.461350e-39 
4.370117e-02 1.422335e-39 
4.394531e-02 1.499786e-39 
4.418945e-02 1.460612e-39 
4.443359e-02 1.513889e-39 
4.467773e-02 1.511468e-39 
4.492188e-02 1.473048e-39 
4.516602e-02 1.546471e-39 
4.541016e-02 1.678047e-39 
4.565430e-02 1.619432e-39 
4.589844e-02 1.571102e-39 
4.614258e-02 1.606699e-39 
4.638672e-02 1.793711e-39 
4.663086e-02 1.722403e-39 
4.687500e-02 1.748948e-39 
4.711914e-02 1.752816e-39 
4.736328e-02 1.751467e-39 
4.760742e-02 1.758285e-39 
4.785156e-02 1.741419e-39 
4.809570e-02 1.833930e-39 
4.833984e-02 1.738918e-39 
4.858398e-02 1.765116e-39 
4.882812e-02 1.835352e-39 
4.907227e-02 1.810897e-39 
4.931641e-02 1.946261e-39 
4.956055e-02 1.925886e-39 
4.980469e-02 1.837799e-39 
5.004883e-02 1.837117e-39 
5.029297e-02 1.835417e-39 
5.053711e-02 1.857006e-39 
5.078125e-02 1.867412e-39 
5.102539e-02 1.897981e-39 
5.126953e-02 1.980607e-39 
5.151367e-02 1.981957e-39 
5.175781e-02 2.000333e-39 
5.200195e-02 2.085033e-39 
5.224609e-02 2.003646e-39 
5.249023e-02 1.959021e-39 
5.273438e-02 1.994536e-39 
5.297852e-02 1.885453e-39 
5.322266e-02 1.926321e-39 
5.346680e-02 1.960547e-39 
5.371094e-02 1.920325e-39 
5.395508e-02 1.892671e-39 
5.419922e-02 2.046386e-39 
5.444336e-02 2.151610e-39 
5.468750e-02 2.040546e-39 
5.493164e-02 1.864710e-39 
5.517578e-02 2.024675e-39 
5.541992e-02 2.179306e-39 
5.566406e-02 2.124991e-39 
5.590820e-02 2.094598e-39 
5.615234e-02 2.130441e-39 
5.639648e-02 2.275561e-39 
5.664062e-02 2.008954e-39 
5.688477e-02 1.984750e-39 
5.712891e-02 2.191974e-39 
5.737305e-02 2.117489e-39 
5.761719e-02 2.049500e-39 
5.786133e-02 2.130432e-39 
5.810547e-02 2.157036e-39 
5.834961e-02 2.279002e-39 
5.859375e-02 2.290238e-39 
5.883789e-02 2.287144e-39 
5.908203e-02 2.075394e-39 
5.932617e-02 2.332119e-39 
5.957031e-02 2.375872e-39 
5.981445e-02 2.219987e-39 
6.005859e-02 2.096290e-39 
6.030273e-02 2.116162e-39 
6.054688e-02 2.243713e-39 
6.079102e-02 2.272350e-39 
6.103516e-02 2.356062e-39 
6.127930e-02 2.257815e-39 
6.152344e-02 2.341196e-39 
6.176758e-02 2.223776e-39 
6.201172e-02 2.270005e-39 
6.225586e-02 2.379984e-39 
6.250000e-02 2.230812e-39 
6.274414e-02 2.234217e-39 
6.298828e-02 2.125232e-39 
6.323242e-02 2.243397e-39 
6.347656e-02 2.511527e-39 
6.372070e-02 2.441800e-39 
6.396484e-02 2.383678e-39 
6.420898e-02 2.352779e-39 
6.445312e-02 2.514678e-39 
6.469727e-02 2.235649e-39 
6.494141e-02 2.585840e-39 
6.518555e-02 2.498927e-39 
6.542969e-02 2.320754e-39 
6.567383e-02 2.506084e-39 
6.591797e-02 2.404699e-39 
6.616211e-02 2.485528e-39 
6.640625e-02 2.577255e-39 
6.665039e-02 2.448571e-39 
6.689453e-02 2.415621e-39 
6.713867e-02 2.466042e-39 
6.738281e-02 2.586151e-39 
6.762695e-02 2.577812e-39 
6.787109e-02 2.544508e-39 
6.811523e-02 2.498792e-39 
6.835938e-02 2.542123e-39 
6.860352e-02 2.653242e-39 
6.884766e-02 2.613139e-39 
6.909180e-02 2.794252e-39 
6.933594e-02 2.722826e-39 
6.958008e-02 2.473325e-39 
6.982422e-02 2.435113e-39 
7.006836e-02 2.510214e-39 
7.031250e-02 2.389107e-39 
7.055664e-02 2.583655e-39 
7.080078e-02 2.457420e-39 
7.104492e-02 2.305006e-39 
7.128906e-02 2.566296e-39 
7.153320e-02 2.594668e-39 
7.177734e-02 2.663041e-39 
7.202148e-02 2.617072e-39 
7.226562e-02 2.509506e-39 
7.250977e-02 2.455351e-39 
7.275391e-02 2.650235e-39 
7.299805e-02 2.598112e-39 
7.324219e-02 2.554569e-39 
7.348633e-02 2.825887e-39 
7.373047e-02 2.831954e-39 
7.397461e-02 2.549284e-39 
7.421875e-02 2.716227e-39 
7.446289e-02 2.648965e-39 
7.470703e-02 2.576407e-39 
7.495117e-02 2.756351e-39 
7.519531e-02 2.680461e-39 
7.543945e-02 2.856951e-39 
7.568359e-02 2.570017e-39 
7.592773e-02 2.406026e-39 
7.617188e-02 2.440728e-39 
7.641602e-02 2.771430e-39 
7.666016e-02 2.631310e-39 
7.690430e-02 2.561325e-39 
7.714844e-02 2.611581e-39 
7.739258e-02 2.780521e-39 
7.763672e-02 2.812064e-39 
7.788086e-02 2.796449e-39 
7.812500e-02 2.724536e-39 
7.836914e-02 2.641806e-39 
7.861328e-02 2.730730e-39 
7.885742e-02 2.762668e-39 
7.910156e-02 2.730549e-39 
7.934570e-02 2.704142e-39 
7.958984e-02 2.625866e-39 
7.983398e-02 2.496028e-39 
8.007812e-02 2.679218e-39 
8.032227e-02 2.704139e-39 
8.056641e-02 2.720728e-39 
8.081055e-02 2.549085e-39 
8.105469e-02 2.745682e-39 
8.129883e-02 2.750628e-39 
8.154297e-02 2.347799e-39 
8.178711e-02 2.550696e-39 
8.203125e-02 2.849569e-39 
8.227539e-02 2.910875e-39 
8.251953e-02 2.675352e-39 
8.276367e-02 2.548026e-39 
8.300781e-02 2.530961e-39 
8.325195e-02 2.870401e-39 
8.349609e-02 2.604027e-39 
8.374023e-02 2.617034e-39 
8.398438e-02 2.836601e-39 
8.422852e-02 2.975652e-39 
8.447266e-02 2.881794e-39 
8.471680e-02 2.671603e-39 
8.496094e-02 2.852617e-39 
8.520508e-02 2.641233e-39 
8.544922e-02 2.518129e-39 
8.569336e-02 2.650314e-39 
8.593750e-02 2.670026e-39 
8.618164e-02 2.882704e-39 
8.642578e-02 2.804899e-39 
8.666992e-02 2.880049e-39 
8.691406e-02 2.659454e-39 
8.715820e-02 2.692272e-39 
8.740234e-02 2.582087e-39 
8.764648e-02 2.612714e-39 
8.789062e-02 2.595505e-39 
8.813477e-02 2.716866e-39 
8.837891e-02 2.750281e-39 
8.862305e-02 2.716405e-39 
8.886719e-02 2.521547e-39 
8.911133e-02 2.649071e-39 
8.935547e-02 2.780679e-39 
8.959961e-02 2.808271e-39 
8.984375e-02 2.629883e-39 
9.008789e-02 2.665407e-39 
9.033203e-02 2.619282e-39 
9.057617e-02 2.557428e-39 
9.082031e-02 2.418043e-39 
9.106445e-02 2.577716e-39 
9.130859e-02 2.687700e-39 
9.155273e-02 2.822639e-39 
9.179688e-02 2.705158e-39 
9.204102e-02 2.817949e-39 
9.228516e-02 2.670736e-39 
9.252930e-02 2.623485e-39 
9.277344e-02 2.526829e-39 
9.301758e-02 2.736711e-39 
9.326172e-02 2.553288e-39 
9.350586e-02 2.493330e-39 
9.375000e-02 2.629603e-39 
9.399414e-02 2.862679e-39 
9.423828e-02 2.771175e-39 
9.448242e-02 2.616281e-39 
9.472656e-02 2.724302e-39 
9.497070e-02 2.720876e-39 
9.521484e-02 2.704800e-39 
9.545898e-02 2.546864e-39 
9.570312e-02 2.785801e-39 
9.594727e-02 2.792831e-39 
9.619141e-02 2.738103e-39 
9.643555e-02 2.925420e-39 
9.667969e-02 2.643269e-39 
9.692383e-02 2.658314e-39 
9.716797e-02 2.905469e-39 
9.741211e-02 2.681028e-39 
9.765625e-02 2.792466e-39 
9.790039e-02 2.936320e-39 
9.814453e-02 2.706400e-39 
9.838867e-02 2.601173e-39 
9.863281e-02 2.701076e-39 
9.887695e-02 2.743896e-39 
9.912109e-02 2.726237e-39 
9.936523e-02 2.625653e-39 
9.960938e-02 2.593007e-39 
9.985352e-02 2.675360e-39 
1.000977e-01 2.628263e-39 
1.003418e-01 2.608002e-39 
1.005859e-01 2.598319e-39 
1.008301e-01 2.609815e-39 
1.010742e-01 2.747727e-39 
1.013184e-01 2.569358e-39 
1.015625e-01 2.631605e-39 
1.018066e-01 2.688986e-39 
1.020508e-01 2.668520e-39 
1.022949e-01 2.516169e-39 
1.025391e-01 2.529041e-39 
1.027832e-01 2.494827e-39 
1.030273e-01 2.412133e-39 
1.032715e-01 2.468330e-39 
1.035156e-01 2.431266e-39 
1.037598e-01 2.403639e-39 
1.040039e-01 2.535808e-39 
1.042480e-01 2.601045e-39 
1.044922e-01 2.511252e-39 
1.047363e-01 2.498506e-39 
1.049805e-01 2.478623e-39 
1.052246e-01 2.521781e-39 
1.054688e-01 2.674521e-39 
1.057129e-01 2.607913e-39 
1.059570e-01 2.713870e-39 
1.062012e-01 2.728861e-39 
1.064453e-01 2.431552e-39 
1.066895e-01 2.636038e-39 
1.069336e-01 2.793366e-39 
1.071777e-01 2.630495e-39 
1.074219e-01 2.418836e-39 
1.076660e-01 2.634623e-39 
1.079102e-01 2.670234e-39 
1.081543e-01 2.483437e-39 
1.083984e-01 2.453094e-39 
1.086426e-01 2.663035e-39 
1.088867e-01 2.821803e-39 
1.091309e-01 2.625244e-39 
1.093750e-01 2.598218e-39 
1.096191e-01 2.534767e-39 
1.098633e-01 2.760514e-39 
1.101074e-01 2.597218e-39 
1.103516e-01 2.586464e-39 
1.105957e-01 2.718010e-39 
1.108398e-01 2.699499e-39 
1.110840e-01 2.698178e-39 
1.113281e-01 2.698034e-39 
1.115723e-01 2.737963e-39 
1.118164e-01 2.537651e-39 
1.120605e-01 2.695318e-39 
1.123047e-01 2.623028e-39 
1.125488e-01 2.682505e-39 
1.127930e-01 2.626317e-39 
1.130371e-01 2.549760e-39 
1.132812e-01 2.616289e-39 
1.135254e-01 2.655004e-39 
1.137695e-01 2.761427e-39 
1.140137e-01 2.564823e-39 
1.142578e-01 2.746068e-39 
1.145020e-01 2.743980e-39 
1.147461e-01 2.595547e-39 
1.149902e-01 2.434800e-39 
1.152344e-01 2.575517e-39 
1.154785e-01 2.796215e-39 
1.157227e-01 2.762310e-39 
1.159668e-01 2.617627e-39 
1.162109e-01 2.736151e-39 
1.164551e-01 2.473389e-39 
1.166992e-01 2.428143e-39 
1.169434e-01 2.421863e-39 
1.171875e-01 2.245543e-39 
1.174316e-01 2.366137e-39 
1.176758e-01 2.582036e-39 
1.179199e-01 2.652441e-39 
1.181641e-01 2.378024e-39 
1.184082e-01 2.404789e-39 
1.186523e-01 2.527853e-39 
1.188965e-01 2.397454e-39 
1.191406e-01 2.588573e-39 
1.193848e-01 2.703813e-39 
1.196289e-01 2.642427e-39 
1.198730e-01 2.604993e-39 
1.201172e-01 2.491599e-39 
1.203613e-01 2.524865e-39 
1.206055e-01 2.244654e-39 
1.208496e-01 2.348998e-39 
1.210938e-01 2.689507e-39 
1.213379e-01 2.863835e-39 
1.215820e-01 2.624934e-39 
1.218262e-01 2.643394e-39 
1.220703e-01 2.584417e-39 
1.223145e-01 2.584334e-39 
1.225586e-01 2.691096e-39 
1.228027e-01 2.571433e-39 
1.230469e-01 2.356560e-39 
1.232910e-01 2.407253e-39 
1.235352e-01 2.531300e-39 
1.237793e-01 2.512777e-39 
1.240234e-01 2.649873e-39 
1.242676e-01 2.508093e-39 
1.245117e-01 2.455016e-39 
1.247559e-01 2.450142e-39 
1.250000e-01 2.529687e-39 
