2.441406e-04 1.150899e-42 
4.882812e-04 1.215788e-42 
7.324219e-04 1.183003e-42 
9.765625e-04 1.297628e-42 
1.220703e-03 1.297615e-42 
1.464844e-03 1.351177e-42 
1.708984e-03 1.449604e-42 
1.953125e-03 1.637146e-42 
2.197266e-03 2.084414e-42 
2.441406e-03 2.347507e-42 
2.685547e-03 2.736617e-42 
2.929688e-03 3.474238e-42 
3.173828e-03 4.141348e-42 
3.417969e-03 4.931101e-42 
3.662109e-03 6.534843e-42 
3.906250e-03 7.844855e-42 
4.150391e-03 9.445187e-42 
4.394531e-03 1.112804e-41 
4.638672e-03 1.366677e-41 
4.882812e-03 1.674046e-41 
5.126953e-03 1.931650e-41 
5.371094e-03 2.243021e-41 
5.615234e-03 2.482371e-41 
5.859375e-03 3.129398e-41 
6.103516e-03 3.523286e-41 
6.347656e-03 3.930863e-41 
6.591797e-03 4.440593e-41 
6.835938e-03 5.227167e-41 
7.080078e-03 6.149776e-41 
7.324219e-03 7.063612e-41 
7.568359e-03 7.972219e-41 
7.812500e-03 8.768766e-41 
8.056641e-03 9.605519e-41 
8.300781e-03 1.053712e-40 
8.544922e-03 1.192488e-40 
8.789062e-03 1.224660e-40 
9.033203e-03 1.253389e-40 
9.277344e-03 1.346164e-40 
9.521484e-03 1.560259e-40 
9.765625e-03 1.657672e-40 
1.000977e-02 1.908246e-40 
1.025391e-02 2.078471e-40 
1.049805e-02 2.284863e-40 
1.074219e-02 2.421467e-40 
1.098633e-02 2.450680e-40 
1.123047e-02 2.597408e-40 
1.147461e-02 2.696854e-40 
1.171875e-02 2.955933e-40 
1.196289e-02 3.002585e-40 
1.220703e-02 3.215691e-40 
1.245117e-02 3.323458e-40 
1.269531e-02 3.486906e-40 
1.293945e-02 3.584899e-40 
1.318359e-02 3.966260e-40 
1.342773e-02 3.981441e-40 
1.367188e-02 4.177449e-40 
1.391602e-02 4.259003e-40 
1.416016e-02 4.721097e-40 
1.440430e-02 4.283339e-40 
1.464844e-02 4.732738e-40 
1.489258e-02 5.173008e-40 
1.513672e-02 5.389938e-40 
1.538086e-02 5.466499e-40 
1.562500e-02 4.926390e-40 
1.586914e-02 5.116418e-40 
1.611328e-02 5.758255e-40 
1.635742e-02 5.859570e-40 
1.660156e-02 5.762390e-40 
1.684570e-02 6.315133e-40 
1.708984e-02 6.300495e-40 
1.733398e-02 5.775889e-40 
1.757812e-02 5.631977e-40 
1.782227e-02 5.807795e-40 
1.806641e-02 6.326175e-40 
1.831055e-02 5.931923e-40 
1.855469e-02 5.880766e-40 
1.879883e-02 6.623909e-40 
1.904297e-02 6.466541e-40 
1.928711e-02 6.706840e-40 
1.953125e-02 7.148424e-40 
1.977539e-02 7.126995e-40 
2.001953e-02 7.374485e-40 
2.026367e-02 7.300266e-40 
2.050781e-02 6.839119e-40 
2.075195e-02 7.385877e-40 
2.099609e-02 7.762431e-40 
2.124023e-02 7.907200e-40 
2.148438e-02 7.739770e-40 
2.172852e-02 7.522315e-40 
2.197266e-02 7.779495e-40 
2.221680e-02 8.332371e-40 
2.246094e-02 7.756801e-40 
2.270508e-02 7.939693e-40 
2.294922e-02 8.231711e-40 
2.319336e-02 8.628658e-40 
2.343750e-02 8.644690e-40 
2.368164e-02 9.144567e-40 
2.392578e-02 9.201257e-40 
2.416992e-02 9.185892e-40 
2.441406e-02 9.732396e-40 
2.465820e-02 9.775446e-40 
2.490234e-02 9.709672e-40 
2.514648e-02 1.005381e-39 
2.539062e-02 9.236986e-40 
2.563477e-02 8.929157e-40 
2.587891e-02 9.442965e-40 
2.612305e-02 1.035753e-39 
2.636719e-02 9.687442e-40 
2.661133e-02 1.045362e-39 
2.685547e-02 1.079258e-39 
2.709961e-02 1.090842e-39 
2.734375e-02 1.199868e-39 
2.758789e-02 1.195338e-39 
2.783203e-02 1.175213e-39 
2.807617e-02 1.157014e-39 
2.832031e-02 1.181872e-39 
2.856445e-02 1.262232e-39 
2.880859e-02 1.205937e-39 
2.905273e-02 1.070221e-39 
2.929688e-02 1.206143e-39 
2.954102e-02 1.229018e-39 
2.978516e-02 1.146353e-39 
3.002930e-02 1.177410e-39 
3.027344e-02 1.343487e-39 
3.051758e-02 1.278682e-39 
3.076172e-02 1.170024e-39 
3.100586e-02 1.183358e-39 
3.125000e-02 1.168061e-39 
3.149414e-02 1.134292e-39 
3.173828e-02 1.266735e-39 
3.198242e-02 1.175008e-39 
3.222656e-02 1.222620e-39 
3.247070e-02 1.260936e-39 
3.271484e-02 1.234720e-39 
3.295898e-02 1.193220e-39 
3.320312e-02 1.159666e-39 
3.344727e-02 1.156371e-39 
3.369141e-02 1.205065e-39 
3.393555e-02 1.222380e-39 
3.417969e-02 1.180291e-39 
3.442383e-02 1.150194e-39 
3.466797e-02 1.236287e-39 
3.491211e-02 1.251811e-39 
3.515625e-02 1.113787e-39 
3.540039e-02 1.078981e-39 
3.564453e-02 1.128163e-39 
3.588867e-02 1.170495e-39 
3.613281e-02 1.080383e-39 
3.637695e-02 1.093757e-39 
3.662109e-02 9.972916e-40 
3.686523e-02 1.027145e-39 
3.710938e-02 1.067553e-39 
3.735352e-02 1.080336e-39 
3.759766e-02 1.165336e-39 
3.784180e-02 1.191594e-39 
3.808594e-02 1.107817e-39 
3.833008e-02 1.187252e-39 
3.857422e-02 1.231938e-39 
3.881836e-02 1.172769e-39 
3.906250e-02 1.135394e-39 
3.930664e-02 1.164171e-39 
3.955078e-02 1.156819e-39 
3.979492e-02 1.234590e-39 
4.003906e-02 1.208571e-39 
4.028320e-02 1.396853e-39 
4.052734e-02 1.443382e-39 
4.077148e-02 1.262922e-39 
4.101562e-02 1.246113e-39 
4.125977e-02 1.325235e-39 
4.150391e-02 1.369561e-39 
4.174805e-02 1.473437e-39 
4.199219e-02 1.617125e-39 
4.223633e-02 1.509139e-39 
4.248047e-02 1.564047e-39 
4.272461e-02 1.708918e-39 
4.296875e-02 1.774871e-39 
4.321289e-02 1.799253e-39 
4.345703e-02 1.894552e-39 
4.370117e-02 2.017174e-39 
4.394531e-02 1.991828e-39 
4.418945e-02 1.966124e-39 
4.443359e-02 2.045802e-39 
4.467773e-02 2.187077e-39 
4.492188e-02 2.274658e-39 
4.516602e-02 2.180991e-39 
4.541016e-02 2.386676e-39 
4.565430e-02 2.440804e-39 
4.589844e-02 2.424193e-39 
4.614258e-02 2.710419e-39 
4.638672e-02 2.847044e-39 
4.663086e-02 2.915807e-39 
4.687500e-02 3.042211e-39 
4.711914e-02 3.046393e-39 
4.736328e-02 3.090705e-39 
4.760742e-02 3.123683e-39 
4.785156e-02 3.256054e-39 
4.809570e-02 3.127559e-39 
4.833984e-02 3.335932e-39 
4.858398e-02 3.486225e-39 
4.882812e-02 3.599071e-39 
4.907227e-02 3.615799e-39 
4.931641e-02 3.651690e-39 
4.956055e-02 3.576793e-39 
4.980469e-02 3.621453e-39 
5.004883e-02 3.638547e-39 
5.029297e-02 3.611822e-39 
5.053711e-02 3.723587e-39 
5.078125e-02 3.812912e-39 
5.102539e-02 3.703422e-39 
5.126953e-02 3.802616e-39 
5.151367e-02 3.681243e-39 
5.175781e-02 3.884717e-39 
5.200195e-02 4.043814e-39 
5.224609e-02 3.981783e-39 
5.249023e-02 3.688515e-39 
5.273438e-02 3.570000e-39 
5.297852e-02 3.399118e-39 
5.322266e-02 3.872094e-39 
5.346680e-02 3.714081e-39 
5.371094e-02 3.256719e-39 
5.395508e-02 3.311417e-39 
5.419922e-02 3.242009e-39 
5.444336e-02 3.331603e-39 
5.468750e-02 3.249265e-39 
5.493164e-02 3.135040e-39 
5.517578e-02 3.040624e-39 
5.541992e-02 3.048763e-39 
5.566406e-02 2.973856e-39 
5.590820e-02 2.865623e-39 
5.615234e-02 2.861467e-39 
5.639648e-02 2.756711e-39 
5.664062e-02 2.403040e-39 
5.688477e-02 2.188955e-39 
5.712891e-02 2.435831e-39 
5.737305e-02 2.293585e-39 
5.761719e-02 2.095169e-39 
5.786133e-02 2.026235e-39 
5.810547e-02 2.055938e-39 
5.834961e-02 1.977726e-39 
5.859375e-02 1.843438e-39 
5.883789e-02 1.816613e-39 
5.908203e-02 1.595709e-39 
5.932617e-02 1.568681e-39 
5.957031e-02 1.484914e-39 
5.981445e-02 1.334582e-39 
6.005859e-02 1.283572e-39 
6.030273e-02 1.174110e-39 
6.054688e-02 1.144437e-39 
6.079102e-02 1.064031e-39 
6.103516e-02 9.596899e-40 
6.127930e-02 9.167275e-40 
6.152344e-02 8.755672e-40 
6.176758e-02 8.087346e-40 
6.201172e-02 7.600659e-40 
6.225586e-02 6.938558e-40 
6.250000e-02 6.726201e-40 
6.274414e-02 6.443873e-40 
6.298828e-02 6.529019e-40 
6.323242e-02 6.815399e-40 
6.347656e-02 7.026796e-40 
6.372070e-02 6.797342e-40 
6.396484e-02 7.354274e-40 
6.420898e-02 6.701189e-40 
6.445312e-02 6.825028e-40 
6.469727e-02 7.271141e-40 
6.494141e-02 7.914311e-40 
6.518555e-02 8.043594e-40 
6.542969e-02 8.403748e-40 
6.567383e-02 8.439102e-40 
6.591797e-02 9.355956e-40 
6.616211e-02 1.095036e-39 
6.640625e-02 1.243486e-39 
6.665039e-02 1.290830e-39 
6.689453e-02 1.356758e-39 
6.713867e-02 1.409495e-39 
6.738281e-02 1.521986e-39 
6.762695e-02 1.514487e-39 
6.787109e-02 1.695967e-39 
6.811523e-02 1.712707e-39 
6.835938e-02 1.805761e-39 
6.860352e-02 2.037525e-39 
6.884766e-02 2.049644e-39 
6.909180e-02 2.304863e-39 
6.933594e-02 2.477119e-39 
6.958008e-02 2.520897e-39 
6.982422e-02 2.772280e-39 
7.006836e-02 2.798824e-39 
7.031250e-02 2.923617e-39 
7.055664e-02 2.788747e-39 
7.080078e-02 3.020428e-39 
7.104492e-02 3.287588e-39 
7.128906e-02 3.169476e-39 
7.153320e-02 3.347949e-39 
7.177734e-02 3.325086e-39 
7.202148e-02 3.829005e-39 
7.226562e-02 4.020674e-39 
7.250977e-02 3.882478e-39 
7.275391e-02 3.995508e-39 
7.299805e-02 3.997076e-39 
7.324219e-02 4.166619e-39 
7.348633e-02 3.961185e-39 
7.373047e-02 4.103110e-39 
7.397461e-02 4.223982e-39 
7.421875e-02 4.648518e-39 
7.446289e-02 4.588386e-39 
7.470703e-02 4.364423e-39 
7.495117e-02 4.433434e-39 
7.519531e-02 4.664392e-39 
7.543945e-02 4.504310e-39 
7.568359e-02 4.768437e-39 
7.592773e-02 4.942173e-39 
7.617188e-02 4.916172e-39 
7.641602e-02 5.066770e-39 
7.666016e-02 5.027679e-39 
7.690430e-02 5.191684e-39 
7.714844e-02 5.559869e-39 
7.739258e-02 5.453129e-39 
7.763672e-02 5.698695e-39 
7.788086e-02 5.283062e-39 
7.812500e-02 5.521508e-39 
7.836914e-02 5.474155e-39 
7.861328e-02 5.556244e-39 
7.885742e-02 5.395107e-39 
7.910156e-02 5.220455e-39 
7.934570e-02 5.088259e-39 
7.958984e-02 4.817979e-39 
7.983398e-02 4.822803e-39 
8.007812e-02 5.136498e-39 
8.032227e-02 5.121039e-39 
8.056641e-02 4.972107e-39 
8.081055e-02 4.747941e-39 
8.105469e-02 4.979730e-39 
8.129883e-02 5.160951e-39 
8.154297e-02 4.905315e-39 
8.178711e-02 5.112231e-39 
8.203125e-02 5.139102e-39 
8.227539e-02 4.873137e-39 
8.251953e-02 5.207277e-39 
8.276367e-02 5.315861e-39 
8.300781e-02 5.016508e-39 
8.325195e-02 5.117283e-39 
8.349609e-02 5.021330e-39 
8.374023e-02 5.448940e-39 
8.398438e-02 4.986168e-39 
8.422852e-02 4.476234e-39 
8.447266e-02 4.946767e-39 
8.471680e-02 5.100039e-39 
8.496094e-02 4.823296e-39 
8.520508e-02 5.133132e-39 
8.544922e-02 5.132117e-39 
8.569336e-02 4.950645e-39 
8.593750e-02 5.049325e-39 
8.618164e-02 5.168632e-39 
8.642578e-02 5.121625e-39 
8.666992e-02 4.639267e-39 
8.691406e-02 4.877254e-39 
8.715820e-02 4.909398e-39 
8.740234e-02 4.974047e-39 
8.764648e-02 4.833332e-39 
8.789062e-02 4.622729e-39 
8.813477e-02 4.747079e-39 
8.837891e-02 4.669746e-39 
8.862305e-02 4.601512e-39 
8.886719e-02 4.494710e-39 
8.911133e-02 4.786544e-39 
8.935547e-02 4.655579e-39 
8.959961e-02 4.425789e-39 
8.984375e-02 4.494855e-39 
9.008789e-02 4.705732e-39 
9.033203e-02 4.458317e-39 
9.057617e-02 4.168631e-39 
9.082031e-02 4.170225e-39 
9.106445e-02 4.211590e-39 
9.130859e-02 3.958347e-39 
9.155273e-02 4.086459e-39 
9.179688e-02 3.625494e-39 
9.204102e-02 3.955766e-39 
9.228516e-02 3.746978e-39 
9.252930e-02 3.733727e-39 
9.277344e-02 3.465108e-39 
9.301758e-02 3.635398e-39 
9.326172e-02 3.610665e-39 
9.350586e-02 3.441896e-39 
9.375000e-02 3.333457e-39 
9.399414e-02 3.479326e-39 
9.423828e-02 3.021100e-39 
9.448242e-02 3.146078e-39 
9.472656e-02 3.214065e-39 
9.497070e-02 3.008215e-39 
9.521484e-02 2.926101e-39 
9.545898e-02 2.787797e-39 
9.570312e-02 3.080398e-39 
9.594727e-02 2.973119e-39 
9.619141e-02 2.725401e-39 
9.643555e-02 2.684388e-39 
9.667969e-02 2.424789e-39 
9.692383e-02 2.375473e-39 
9.716797e-02 2.381019e-39 
9.741211e-02 2.464410e-39 
9.765625e-02 2.649689e-39 
9.790039e-02 2.250600e-39 
9.814453e-02 2.092228e-39 
9.838867e-02 2.130808e-39 
9.863281e-02 2.006359e-39 
9.887695e-02 1.906871e-39 
9.912109e-02 1.918725e-39 
9.936523e-02 1.803938e-39 
9.960938e-02 1.862851e-39 
9.985352e-02 1.957348e-39 
1.000977e-01 1.838273e-39 
1.003418e-01 1.818806e-39 
1.005859e-01 1.718515e-39 
1.008301e-01 1.689647e-39 
1.010742e-01 1.734771e-39 
1.013184e-01 1.855612e-39 
1.015625e-01 1.747659e-39 
1.018066e-01 1.589623e-39 
1.020508e-01 1.465814e-39 
1.022949e-01 1.638885e-39 
1.025391e-01 1.714595e-39 
1.027832e-01 1.598718e-39 
1.030273e-01 1.687784e-39 
1.032715e-01 1.765647e-39 
1.035156e-01 1.775868e-39 
1.037598e-01 1.753150e-39 
1.040039e-01 1.882136e-39 
1.042480e-01 1.883740e-39 
1.044922e-01 1.726262e-39 
1.047363e-01 1.791963e-39 
1.049805e-01 2.104105e-39 
1.052246e-01 2.103399e-39 
1.054688e-01 2.242848e-39 
1.057129e-01 2.144494e-39 
1.059570e-01 2.259450e-39 
1.062012e-01 2.448167e-39 
1.064453e-01 2.622130e-39 
1.066895e-01 2.508910e-39 
1.069336e-01 2.691549e-39 
1.071777e-01 2.712855e-39 
1.074219e-01 2.532578e-39 
1.076660e-01 2.809310e-39 
1.079102e-01 2.698684e-39 
1.081543e-01 3.025502e-39 
1.083984e-01 3.259682e-39 
1.086426e-01 3.116056e-39 
1.088867e-01 3.147277e-39 
1.091309e-01 3.202531e-39 
1.093750e-01 3.274277e-39 
1.096191e-01 3.131775e-39 
1.098633e-01 3.713617e-39 
1.101074e-01 3.836828e-39 
1.103516e-01 3.874706e-39 
1.105957e-01 3.938335e-39 
1.108398e-01 3.660221e-39 
1.110840e-01 3.887379e-39 
1.113281e-01 3.883951e-39 
1.115723e-01 3.828437e-39 
1.118164e-01 3.897787e-39 
1.120605e-01 3.876110e-39 
1.123047e-01 3.835110e-39 
1.125488e-01 4.045050e-39 
1.127930e-01 3.854306e-39 
1.130371e-01 3.963099e-39 
1.132812e-01 4.028945e-39 
1.135254e-01 3.923324e-39 
1.137695e-01 4.321178e-39 
1.140137e-01 4.289054e-39 
1.142578e-01 4.415519e-39 
1.145020e-01 4.422313e-39 
1.147461e-01 4.085848e-39 
1.149902e-01 3.994085e-39 
1.152344e-01 4.111923e-39 
1.154785e-01 4.214076e-39 
1.157227e-01 3.959311e-39 
1.159668e-01 3.636744e-39 
1.162109e-01 3.877362e-39 
1.164551e-01 3.671156e-39 
1.166992e-01 3.531035e-39 
1.169434e-01 3.456287e-39 
1.171875e-01 3.599429e-39 
1.174316e-01 3.445496e-39 
1.176758e-01 3.671217e-39 
1.179199e-01 3.785585e-39 
1.181641e-01 3.405524e-39 
1.184082e-01 3.052887e-39 
1.186523e-01 3.290407e-39 
1.188965e-01 3.263815e-39 
1.191406e-01 3.114539e-39 
1.193848e-01 2.854928e-39 
1.196289e-01 3.010037e-39 
1.198730e-01 2.999353e-39 
1.201172e-01 2.857846e-39 
1.203613e-01 2.857178e-39 
1.206055e-01 2.813175e-39 
1.208496e-01 2.955987e-39 
1.210938e-01 2.615569e-39 
1.213379e-01 2.694747e-39 
1.215820e-01 2.800034e-39 
1.218262e-01 2.772033e-39 
1.220703e-01 2.719473e-39 
1.223145e-01 2.637040e-39 
1.225586e-01 2.650189e-39 
1.228027e-01 2.515375e-39 
1.230469e-01 2.374403e-39 
1.232910e-01 2.264221e-39 
1.235352e-01 2.251958e-39 
1.237793e-01 2.318094e-39 
1.240234e-01 2.185109e-39 
1.242676e-01 1.995217e-39 
1.245117e-01 2.103315e-39 
1.247559e-01 2.480508e-39 
1.250000e-01 2.306361e-39 
