2.441406e-04 1.733907e-42 
4.882812e-04 1.763386e-42 
7.324219e-04 1.788064e-42 
9.765625e-04 1.774952e-42 
1.220703e-03 1.785688e-42 
1.464844e-03 1.827539e-42 
1.708984e-03 1.934209e-42 
1.953125e-03 2.082880e-42 
2.197266e-03 2.247751e-42 
2.441406e-03 2.901990e-42 
2.685547e-03 3.321799e-42 
2.929688e-03 3.817174e-42 
3.173828e-03 4.603363e-42 
3.417969e-03 5.917970e-42 
3.662109e-03 6.879319e-42 
3.906250e-03 8.508854e-42 
4.150391e-03 1.065699e-41 
4.394531e-03 1.328393e-41 
4.638672e-03 1.592202e-41 
4.882812e-03 1.885665e-41 
5.126953e-03 2.216586e-41 
5.371094e-03 2.481624e-41 
5.615234e-03 2.797346e-41 
5.859375e-03 3.309312e-41 
6.103516e-03 3.731948e-41 
6.347656e-03 4.126171e-41 
6.591797e-03 5.048962e-41 
6.835938e-03 5.804197e-41 
7.080078e-03 6.463729e-41 
7.324219e-03 7.209756e-41 
7.568359e-03 8.439469e-41 
7.812500e-03 1.022987e-40 
8.056641e-03 1.150396e-40 
8.300781e-03 1.160489e-40 
8.544922e-03 1.211145e-40 
8.789062e-03 1.409436e-40 
9.033203e-03 1.556580e-40 
9.277344e-03 1.701563e-40 
9.521484e-03 1.873203e-40 
9.765625e-03 2.030437e-40 
1.000977e-02 2.166583e-40 
1.025391e-02 2.415458e-40 
1.049805e-02 2.376322e-40 
1.074219e-02 2.563908e-40 
1.098633e-02 2.635924e-40 
1.123047e-02 3.082958e-40 
1.147461e-02 3.282943e-40 
1.171875e-02 3.516873e-40 
1.196289e-02 3.788999e-40 
1.220703e-02 4.118200e-40 
1.245117e-02 3.935049e-40 
1.269531e-02 4.221901e-40 
1.293945e-02 4.753039e-40 
1.318359e-02 5.145802e-40 
1.342773e-02 4.966239e-40 
1.367188e-02 5.178854e-40 
1.391602e-02 5.725884e-40 
1.416016e-02 5.471938e-40 
1.440430e-02 5.212319e-40 
1.464844e-02 5.425788e-40 
1.489258e-02 5.813825e-40 
1.513672e-02 6.133855e-40 
1.538086e-02 6.951177e-40 
1.562500e-02 6.405785e-40 
1.586914e-02 7.125674e-40 
1.611328e-02 7.148416e-40 
1.635742e-02 7.345875e-40 
1.660156e-02 7.435374e-40 
1.684570e-02 8.044483e-40 
1.708984e-02 7.800456e-40 
1.733398e-02 7.670570e-40 
1.757812e-02 7.741769e-40 
1.782227e-02 7.731624e-40 
1.806641e-02 7.732453e-40 
1.831055e-02 8.666579e-40 
1.855469e-02 8.306512e-40 
1.879883e-02 7.828830e-40 
1.904297e-02 7.737296e-40 
1.928711e-02 8.635769e-40 
1.953125e-02 8.734359e-40 
1.977539e-02 8.675490e-40 
2.001953e-02 8.154609e-40 
2.026367e-02 8.061210e-40 
2.050781e-02 7.503904e-40 
2.075195e-02 7.071827e-40 
2.099609e-02 8.051622e-40 
2.124023e-02 8.080097e-40 
2.148438e-02 7.571289e-40 
2.172852e-02 7.185867e-40 
2.197266e-02 7.098535e-40 
2.221680e-02 6.830011e-40 
2.246094e-02 6.874599e-40 
2.270508e-02 6.934239e-40 
2.294922e-02 6.480199e-40 
2.319336e-02 6.278619e-40 
2.343750e-02 5.525889e-40 
2.368164e-02 5.677525e-40 
2.392578e-02 5.879637e-40 
2.416992e-02 5.483138e-40 
2.441406e-02 5.046019e-40 
2.465820e-02 4.840413e-40 
2.490234e-02 4.606430e-40 
2.514648e-02 4.459284e-40 
2.539062e-02 3.736320e-40 
2.563477e-02 3.483551e-40 
2.587891e-02 3.361942e-40 
2.612305e-02 3.120131e-40 
2.636719e-02 2.803947e-40 
2.661133e-02 2.666666e-40 
2.685547e-02 2.280720e-40 
2.709961e-02 2.092372e-40 
2.734375e-02 1.732194e-40 
2.758789e-02 1.507165e-40 
2.783203e-02 1.293136e-40 
2.807617e-02 1.141527e-40 
2.832031e-02 9.757273e-41 
2.856445e-02 7.579850e-41 
2.880859e-02 5.816741e-41 
2.905273e-02 4.780663e-41 
2.929688e-02 4.573472e-41 
2.954102e-02 3.449045e-41 
2.978516e-02 2.538886e-41 
3.002930e-02 2.247623e-41 
3.027344e-02 2.167549e-41 
3.051758e-02 2.473567e-41 
3.076172e-02 3.077011e-41 
3.100586e-02 3.925776e-41 
3.125000e-02 5.304594e-41 
3.149414e-02 6.645934e-41 
3.173828e-02 8.157648e-41 
3.198242e-02 1.126815e-40 
3.222656e-02 1.444639e-40 
3.247070e-02 1.613291e-40 
3.271484e-02 1.801627e-40 
3.295898e-02 2.169169e-40 
3.320312e-02 2.586443e-40 
3.344727e-02 3.080180e-40 
3.369141e-02 3.613395e-40 
3.393555e-02 4.081493e-40 
3.417969e-02 4.649313e-40 
3.442383e-02 5.081643e-40 
3.466797e-02 5.679841e-40 
3.491211e-02 5.932796e-40 
3.515625e-02 6.848044e-40 
3.540039e-02 7.390487e-40 
3.564453e-02 8.427909e-40 
3.588867e-02 9.567464e-40 
3.613281e-02 9.611354e-40 
3.637695e-02 1.084651e-39 
3.662109e-02 1.193378e-39 
3.686523e-02 1.196089e-39 
3.710938e-02 1.298325e-39 
3.735352e-02 1.418952e-39 
3.759766e-02 1.486442e-39 
3.784180e-02 1.632537e-39 
3.808594e-02 1.599469e-39 
3.833008e-02 1.953617e-39 
3.857422e-02 2.071199e-39 
3.881836e-02 2.010242e-39 
3.906250e-02 2.161316e-39 
3.930664e-02 2.019343e-39 
3.955078e-02 2.085945e-39 
3.979492e-02 2.330974e-39 
4.003906e-02 2.500977e-39 
4.028320e-02 2.618466e-39 
4.052734e-02 2.777064e-39 
4.077148e-02 2.725271e-39 
4.101562e-02 2.766412e-39 
4.125977e-02 2.837022e-39 
4.150391e-02 2.966484e-39 
4.174805e-02 2.837110e-39 
4.199219e-02 3.166119e-39 
4.223633e-02 3.182509e-39 
4.248047e-02 3.338450e-39 
4.272461e-02 3.479912e-39 
4.296875e-02 3.700515e-39 
4.321289e-02 3.547755e-39 
4.345703e-02 3.644166e-39 
4.370117e-02 3.608276e-39 
4.394531e-02 3.551979e-39 
4.418945e-02 3.539023e-39 
4.443359e-02 3.593533e-39 
4.467773e-02 3.607951e-39 
4.492188e-02 3.539350e-39 
4.516602e-02 3.841947e-39 
4.541016e-02 4.133050e-39 
4.565430e-02 3.811994e-39 
4.589844e-02 3.761487e-39 
4.614258e-02 3.946378e-39 
4.638672e-02 4.070071e-39 
4.663086e-02 3.934378e-39 
4.687500e-02 3.880224e-39 
4.711914e-02 3.932431e-39 
4.736328e-02 3.789885e-39 
4.760742e-02 3.956575e-39 
4.785156e-02 4.105149e-39 
4.809570e-02 3.935296e-39 
4.833984e-02 3.642639e-39 
4.858398e-02 3.824743e-39 
4.882812e-02 3.811749e-39 
4.907227e-02 3.768426e-39 
4.931641e-02 3.966876e-39 
4.956055e-02 3.639945e-39 
4.980469e-02 3.601604e-39 
5.004883e-02 3.471248e-39 
5.029297e-02 3.175524e-39 
5.053711e-02 3.492702e-39 
5.078125e-02 3.427195e-39 
5.102539e-02 3.191969e-39 
5.126953e-02 2.985318e-39 
5.151367e-02 2.656979e-39 
5.175781e-02 2.769650e-39 
5.200195e-02 2.716104e-39 
5.224609e-02 2.595816e-39 
5.249023e-02 2.414952e-39 
5.273438e-02 2.391702e-39 
5.297852e-02 2.265043e-39 
5.322266e-02 2.194535e-39 
5.346680e-02 2.155567e-39 
5.371094e-02 2.037860e-39 
5.395508e-02 1.809771e-39 
5.419922e-02 1.728005e-39 
5.444336e-02 1.711727e-39 
5.468750e-02 1.537750e-39 
5.493164e-02 1.418532e-39 
5.517578e-02 1.422191e-39 
5.541992e-02 1.241456e-39 
5.566406e-02 1.131808e-39 
5.590820e-02 1.118282e-39 
5.615234e-02 9.159933e-40 
5.639648e-02 8.453223e-40 
5.664062e-02 8.118301e-40 
5.688477e-02 7.381193e-40 
5.712891e-02 6.911808e-40 
5.737305e-02 6.381775e-40 
5.761719e-02 6.177955e-40 
5.786133e-02 5.265307e-40 
5.810547e-02 5.009387e-40 
5.834961e-02 4.326172e-40 
5.859375e-02 3.487243e-40 
5.883789e-02 3.243681e-40 
5.908203e-02 2.927825e-40 
5.932617e-02 2.736468e-40 
5.957031e-02 2.632497e-40 
5.981445e-02 2.615079e-40 
6.005859e-02 2.759961e-40 
6.030273e-02 2.685913e-40 
6.054688e-02 2.694983e-40 
6.079102e-02 2.946439e-40 
6.103516e-02 2.966674e-40 
6.127930e-02 3.364231e-40 
6.152344e-02 3.787629e-40 
6.176758e-02 3.903203e-40 
6.201172e-02 4.418782e-40 
6.225586e-02 4.581308e-40 
6.250000e-02 5.252350e-40 
6.274414e-02 6.340292e-40 
6.298828e-02 7.000830e-40 
6.323242e-02 7.505276e-40 
6.347656e-02 9.009286e-40 
6.372070e-02 8.782223e-40 
6.396484e-02 9.824061e-40 
6.420898e-02 1.069475e-39 
6.445312e-02 1.101977e-39 
6.469727e-02 1.265976e-39 
6.494141e-02 1.395884e-39 
6.518555e-02 1.620406e-39 
6.542969e-02 1.625096e-39 
6.567383e-02 1.810756e-39 
6.591797e-02 1.838026e-39 
6.616211e-02 1.893735e-39 
6.640625e-02 2.127667e-39 
6.665039e-02 2.258601e-39 
6.689453e-02 2.361221e-39 
6.713867e-02 2.527171e-39 
6.738281e-02 2.572243e-39 
6.762695e-02 2.915417e-39 
6.787109e-02 3.191975e-39 
6.811523e-02 3.179562e-39 
6.835938e-02 3.256667e-39 
6.860352e-02 3.297168e-39 
6.884766e-02 3.525377e-39 
6.909180e-02 3.389459e-39 
6.933594e-02 3.521304e-39 
6.958008e-02 3.827076e-39 
6.982422e-02 3.752758e-39 
7.006836e-02 3.868424e-39 
7.031250e-02 3.762352e-39 
7.055664e-02 3.947467e-39 
7.080078e-02 4.087378e-39 
7.104492e-02 4.411826e-39 
7.128906e-02 4.565379e-39 
7.153320e-02 4.794410e-39 
7.177734e-02 4.625582e-39 
7.202148e-02 4.384804e-39 
7.226562e-02 4.295523e-39 
7.250977e-02 4.581895e-39 
7.275391e-02 4.992304e-39 
7.299805e-02 5.388838e-39 
7.324219e-02 5.015716e-39 
7.348633e-02 4.775069e-39 
7.373047e-02 5.059395e-39 
7.397461e-02 5.063047e-39 
7.421875e-02 5.297906e-39 
7.446289e-02 5.142731e-39 
7.470703e-02 4.848597e-39 
7.495117e-02 4.741474e-39 
7.519531e-02 4.775176e-39 
7.543945e-02 4.773549e-39 
7.568359e-02 4.741812e-39 
7.592773e-02 4.927340e-39 
7.617188e-02 5.111612e-39 
7.641602e-02 5.084144e-39 
7.666016e-02 4.970740e-39 
7.690430e-02 4.622921e-39 
7.714844e-02 4.778601e-39 
7.739258e-02 4.876891e-39 
7.763672e-02 4.792804e-39 
7.788086e-02 4.378345e-39 
7.812500e-02 4.509242e-39 
7.836914e-02 3.978723e-39 
7.861328e-02 4.165878e-39 
7.885742e-02 4.244610e-39 
7.910156e-02 3.890090e-39 
7.934570e-02 3.807040e-39 
7.958984e-02 3.710743e-39 
7.983398e-02 3.630300e-39 
8.007812e-02 3.664072e-39 
8.032227e-02 3.397097e-39 
8.056641e-02 3.208991e-39 
8.081055e-02 3.014099e-39 
8.105469e-02 3.089917e-39 
8.129883e-02 3.104851e-39 
8.154297e-02 2.716847e-39 
8.178711e-02 2.653094e-39 
8.203125e-02 2.581686e-39 
8.227539e-02 2.484632e-39 
8.251953e-02 2.356365e-39 
8.276367e-02 2.118006e-39 
8.300781e-02 2.058100e-39 
8.325195e-02 2.052090e-39 
8.349609e-02 1.929705e-39 
8.374023e-02 1.965663e-39 
8.398438e-02 1.803138e-39 
8.422852e-02 1.685509e-39 
8.447266e-02 1.649160e-39 
8.471680e-02 1.506436e-39 
8.496094e-02 1.423227e-39 
8.520508e-02 1.267344e-39 
8.544922e-02 1.195505e-39 
8.569336e-02 1.107005e-39 
8.593750e-02 9.619715e-40 
8.618164e-02 1.000701e-39 
8.642578e-02 9.810380e-40 
8.666992e-02 9.127075e-40 
8.691406e-02 9.375046e-40 
8.715820e-02 8.554291e-40 
8.740234e-02 7.725987e-40 
8.764648e-02 7.626668e-40 
8.789062e-02 7.580358e-40 
8.813477e-02 7.309706e-40 
8.837891e-02 7.248486e-40 
8.862305e-02 7.123376e-40 
8.886719e-02 6.811275e-40 
8.911133e-02 6.883152e-40 
8.935547e-02 7.263254e-40 
8.959961e-02 7.459531e-40 
8.984375e-02 8.268013e-40 
9.008789e-02 8.825093e-40 
9.033203e-02 8.046473e-40 
9.057617e-02 8.339571e-40 
9.082031e-02 9.509790e-40 
9.106445e-02 9.258538e-40 
9.130859e-02 9.099873e-40 
9.155273e-02 1.057731e-39 
9.179688e-02 1.141894e-39 
9.204102e-02 1.244802e-39 
9.228516e-02 1.180406e-39 
9.252930e-02 1.294443e-39 
9.277344e-02 1.363844e-39 
9.301758e-02 1.378432e-39 
9.326172e-02 1.484972e-39 
9.350586e-02 1.633399e-39 
9.375000e-02 1.821972e-39 
9.399414e-02 1.787470e-39 
9.423828e-02 1.836981e-39 
9.448242e-02 2.037688e-39 
9.472656e-02 2.119962e-39 
9.497070e-02 2.149808e-39 
9.521484e-02 2.093592e-39 
9.545898e-02 1.931451e-39 
9.570312e-02 2.418085e-39 
9.594727e-02 2.627635e-39 
9.619141e-02 2.546244e-39 
9.643555e-02 2.586628e-39 
9.667969e-02 2.608702e-39 
9.692383e-02 2.591778e-39 
9.716797e-02 2.816635e-39 
9.741211e-02 2.834190e-39 
9.765625e-02 3.087468e-39 
9.790039e-02 3.157009e-39 
9.814453e-02 3.080054e-39 
9.838867e-02 3.132005e-39 
9.863281e-02 3.272397e-39 
9.887695e-02 3.300220e-39 
9.912109e-02 2.953662e-39 
9.936523e-02 2.930739e-39 
9.960938e-02 3.071179e-39 
9.985352e-02 3.111381e-39 
1.000977e-01 3.110408e-39 
1.003418e-01 3.070998e-39 
1.005859e-01 3.022166e-39 
1.008301e-01 3.135384e-39 
1.010742e-01 3.247459e-39 
1.013184e-01 3.054325e-39 
1.015625e-01 3.035562e-39 
1.018066e-01 3.272781e-39 
1.020508e-01 3.404462e-39 
1.022949e-01 3.337788e-39 
1.025391e-01 3.251609e-39 
1.027832e-01 3.087801e-39 
1.030273e-01 2.847099e-39 
1.032715e-01 2.819012e-39 
1.035156e-01 2.835450e-39 
1.037598e-01 2.804056e-39 
1.040039e-01 2.938273e-39 
1.042480e-01 2.853365e-39 
1.044922e-01 2.656281e-39 
1.047363e-01 2.729288e-39 
1.049805e-01 2.934158e-39 
1.052246e-01 2.952559e-39 
1.054688e-01 2.931256e-39 
1.057129e-01 2.697183e-39 
1.059570e-01 2.506308e-39 
1.062012e-01 2.495690e-39 
1.064453e-01 2.193635e-39 
1.066895e-01 2.386499e-39 
1.069336e-01 2.508689e-39 
1.071777e-01 2.173538e-39 
1.074219e-01 2.142167e-39 
1.076660e-01 2.083556e-39 
1.079102e-01 2.004764e-39 
1.081543e-01 1.841572e-39 
1.083984e-01 1.879339e-39 
1.086426e-01 1.814660e-39 
1.088867e-01 1.677852e-39 
1.091309e-01 1.560346e-39 
1.093750e-01 1.522236e-39 
1.096191e-01 1.395693e-39 
1.098633e-01 1.320027e-39 
1.101074e-01 1.348233e-39 
1.103516e-01 1.350301e-39 
1.105957e-01 1.366200e-39 
1.108398e-01 1.213312e-39 
1.110840e-01 1.205983e-39 
1.113281e-01 1.203328e-39 
1.115723e-01 1.110170e-39 
1.118164e-01 1.076710e-39 
1.120605e-01 1.093864e-39 
1.123047e-01 1.056087e-39 
1.125488e-01 1.056563e-39 
1.127930e-01 1.000817e-39 
1.130371e-01 9.947843e-40 
1.132812e-01 1.004260e-39 
1.135254e-01 9.407377e-40 
1.137695e-01 9.620795e-40 
1.140137e-01 8.877875e-40 
1.142578e-01 1.024830e-39 
1.145020e-01 9.996919e-40 
1.147461e-01 9.418946e-40 
1.149902e-01 1.001016e-39 
1.152344e-01 1.057054e-39 
1.154785e-01 1.077251e-39 
1.157227e-01 9.481957e-40 
1.159668e-01 1.018322e-39 
1.162109e-01 1.117434e-39 
1.164551e-01 1.134034e-39 
1.166992e-01 1.274717e-39 
1.169434e-01 1.238153e-39 
1.171875e-01 1.210002e-39 
1.174316e-01 1.255269e-39 
1.176758e-01 1.380837e-39 
1.179199e-01 1.335438e-39 
1.181641e-01 1.360724e-39 
1.184082e-01 1.288411e-39 
1.186523e-01 1.404318e-39 
1.188965e-01 1.537718e-39 
1.191406e-01 1.575064e-39 
1.193848e-01 1.663238e-39 
1.196289e-01 1.728851e-39 
1.198730e-01 1.845558e-39 
1.201172e-01 1.779239e-39 
1.203613e-01 1.686830e-39 
1.206055e-01 1.666945e-39 
1.208496e-01 1.799617e-39 
1.210938e-01 1.947603e-39 
1.213379e-01 2.149741e-39 
1.215820e-01 2.192474e-39 
1.218262e-01 2.275682e-39 
1.220703e-01 2.201754e-39 
1.223145e-01 2.126070e-39 
1.225586e-01 2.255812e-39 
1.228027e-01 2.342125e-39 
1.230469e-01 2.218111e-39 
1.232910e-01 2.159940e-39 
1.235352e-01 2.205862e-39 
1.237793e-01 2.319981e-39 
1.240234e-01 2.311456e-39 
1.242676e-01 2.131674e-39 
1.245117e-01 2.273828e-39 
1.247559e-01 2.404294e-39 
1.250000e-01 2.318152e-39 
