2.441406e-04 2.104915e-26 
4.882812e-04 2.200764e-26 
7.324219e-04 2.242090e-26 
9.765625e-04 2.124397e-26 
1.220703e-03 1.962916e-26 
1.464844e-03 2.168872e-26 
1.708984e-03 2.286952e-26 
1.953125e-03 2.463319e-26 
2.197266e-03 2.325107e-26 
2.441406e-03 2.489255e-26 
2.685547e-03 2.381395e-26 
2.929688e-03 2.150339e-26 
3.173828e-03 2.139427e-26 
3.417969e-03 2.153123e-26 
3.662109e-03 2.275652e-26 
3.906250e-03 2.180083e-26 
4.150391e-03 2.111244e-26 
4.394531e-03 2.269462e-26 
4.638672e-03 2.132396e-26 
4.882812e-03 2.100034e-26 
5.126953e-03 2.252804e-26 
5.371094e-03 2.234045e-26 
5.615234e-03 2.048518e-26 
5.859375e-03 2.015425e-26 
6.103516e-03 2.044981e-26 
6.347656e-03 2.085064e-26 
6.591797e-03 2.172715e-26 
6.835938e-03 2.192669e-26 
7.080078e-03 2.307671e-26 
7.324219e-03 2.313205e-26 
7.568359e-03 2.345645e-26 
7.812500e-03 2.216866e-26 
8.056641e-03 2.207118e-26 
8.300781e-03 2.121250e-26 
8.544922e-03 2.102763e-26 
8.789062e-03 2.080052e-26 
9.033203e-03 2.122891e-26 
9.277344e-03 2.119448e-26 
9.521484e-03 2.019879e-26 
9.765625e-03 2.213319e-26 
1.000977e-02 2.340961e-26 
1.025391e-02 2.212972e-26 
1.049805e-02 2.002551e-26 
1.074219e-02 2.026350e-26 
1.098633e-02 2.209159e-26 
1.123047e-02 2.157313e-26 
1.147461e-02 2.223869e-26 
1.171875e-02 2.190900e-26 
1.196289e-02 2.160017e-26 
1.220703e-02 2.336345e-26 
1.245117e-02 2.309989e-26 
1.269531e-02 2.272062e-26 
1.293945e-02 2.087210e-26 
1.318359e-02 1.983209e-26 
1.342773e-02 2.132901e-26 
1.367188e-02 2.153384e-26 
1.391602e-02 2.169521e-26 
1.416016e-02 2.075608e-26 
1.440430e-02 1.978904e-26 
1.464844e-02 2.127582e-26 
1.489258e-02 2.147509e-26 
1.513672e-02 2.140228e-26 
1.538086e-02 2.226744e-26 
1.562500e-02 2.124088e-26 
1.586914e-02 2.137133e-26 
1.611328e-02 2.201288e-26 
1.635742e-02 2.367296e-26 
1.660156e-02 2.164915e-26 
1.684570e-02 1.993039e-26 
1.708984e-02 1.981933e-26 
1.733398e-02 2.218593e-26 
1.757812e-02 2.066933e-26 
1.782227e-02 2.186189e-26 
1.806641e-02 2.196874e-26 
1.831055e-02 2.228510e-26 
1.855469e-02 2.253373e-26 
1.879883e-02 2.052308e-26 
1.904297e-02 2.055026e-26 
1.928711e-02 2.136856e-26 
1.953125e-02 2.206324e-26 
1.977539e-02 2.120156e-26 
2.001953e-02 2.126106e-26 
2.026367e-02 2.110212e-26 
2.050781e-02 2.168208e-26 
2.075195e-02 2.180687e-26 
2.099609e-02 2.148215e-26 
2.124023e-02 2.106506e-26 
2.148438e-02 2.160308e-26 
2.172852e-02 2.061365e-26 
2.197266e-02 1.930970e-26 
2.221680e-02 2.067841e-26 
2.246094e-02 2.066124e-26 
2.270508e-02 2.024183e-26 
2.294922e-02 2.204869e-26 
2.319336e-02 2.151031e-26 
2.343750e-02 1.991755e-26 
2.368164e-02 2.028271e-26 
2.392578e-02 1.975199e-26 
2.416992e-02 2.091412e-26 
2.441406e-02 2.029506e-26 
2.465820e-02 1.974462e-26 
2.490234e-02 2.116127e-26 
2.514648e-02 2.089847e-26 
2.539062e-02 2.242370e-26 
2.563477e-02 2.066725e-26 
2.587891e-02 2.046829e-26 
2.612305e-02 1.962447e-26 
2.636719e-02 2.039306e-26 
2.661133e-02 2.119299e-26 
2.685547e-02 2.327545e-26 
2.709961e-02 2.054508e-26 
2.734375e-02 1.897083e-26 
2.758789e-02 2.092747e-26 
2.783203e-02 1.939290e-26 
2.807617e-02 1.891501e-26 
2.832031e-02 1.945871e-26 
2.856445e-02 1.896036e-26 
2.880859e-02 2.049497e-26 
2.905273e-02 2.193950e-26 
2.929688e-02 2.205366e-26 
2.954102e-02 2.108919e-26 
2.978516e-02 1.980139e-26 
3.002930e-02 1.939425e-26 
3.027344e-02 1.942071e-26 
3.051758e-02 1.975094e-26 
3.076172e-02 1.915624e-26 
3.100586e-02 1.751508e-26 
3.125000e-02 1.768147e-26 
3.149414e-02 2.032467e-26 
3.173828e-02 1.989845e-26 
3.198242e-02 1.887046e-26 
3.222656e-02 1.925112e-26 
3.247070e-02 1.921374e-26 
3.271484e-02 1.909477e-26 
3.295898e-02 1.928872e-26 
3.320312e-02 1.913632e-26 
3.344727e-02 2.075949e-26 
3.369141e-02 1.893214e-26 
3.393555e-02 1.871644e-26 
3.417969e-02 1.845796e-26 
3.442383e-02 1.993506e-26 
3.466797e-02 1.965540e-26 
3.491211e-02 2.004008e-26 
3.515625e-02 1.856715e-26 
3.540039e-02 1.631630e-26 
3.564453e-02 1.691893e-26 
3.588867e-02 2.003453e-26 
3.613281e-02 1.898416e-26 
3.637695e-02 1.931315e-26 
3.662109e-02 1.928425e-26 
3.686523e-02 1.913097e-26 
3.710938e-02 1.965013e-26 
3.735352e-02 1.963175e-26 
3.759766e-02 1.928445e-26 
3.784180e-02 1.831756e-26 
3.808594e-02 1.976725e-26 
3.833008e-02 2.114377e-26 
3.857422e-02 1.840931e-26 
3.881836e-02 1.910420e-26 
3.906250e-02 1.826939e-26 
3.930664e-02 1.717863e-26 
3.955078e-02 1.766834e-26 
3.979492e-02 1.650407e-26 
4.003906e-02 1.706852e-26 
4.028320e-02 1.778520e-26 
4.052734e-02 1.711048e-26 
4.077148e-02 1.823005e-26 
4.101562e-02 1.774647e-26 
4.125977e-02 1.745891e-26 
4.150391e-02 1.776187e-26 
4.174805e-02 1.753101e-26 
4.199219e-02 1.741273e-26 
4.223633e-02 1.730876e-26 
4.248047e-02 1.773640e-26 
4.272461e-02 1.808407e-26 
4.296875e-02 1.815591e-26 
4.321289e-02 1.741834e-26 
4.345703e-02 1.760707e-26 
4.370117e-02 1.688269e-26 
4.394531e-02 1.878830e-26 
4.418945e-02 1.783489e-26 
4.443359e-02 1.733808e-26 
4.467773e-02 1.756076e-26 
4.492188e-02 1.813118e-26 
4.516602e-02 1.735123e-26 
4.541016e-02 1.658555e-26 
4.565430e-02 1.614398e-26 
4.589844e-02 1.721925e-26 
4.614258e-02 1.773218e-26 
4.638672e-02 1.761333e-26 
4.663086e-02 1.753295e-26 
4.687500e-02 1.671307e-26 
4.711914e-02 1.686729e-26 
4.736328e-02 1.801930e-26 
4.760742e-02 1.768858e-26 
4.785156e-02 1.747372e-26 
4.809570e-02 1.698784e-26 
4.833984e-02 1.662657e-26 
4.858398e-02 1.700845e-26 
4.882812e-02 1.793048e-26 
4.907227e-02 1.690375e-26 
4.931641e-02 1.612165e-26 
4.956055e-02 1.600927e-26 
4.980469e-02 1.755722e-26 
5.004883e-02 1.704966e-26 
5.029297e-02 1.709141e-26 
5.053711e-02 1.694721e-26 
5.078125e-02 1.763158e-26 
5.102539e-02 1.541896e-26 
5.126953e-02 1.469451e-26 
5.151367e-02 1.563630e-26 
5.175781e-02 1.569266e-26 
5.200195e-02 1.555357e-26 
5.224609e-02 1.499614e-26 
5.249023e-02 1.654443e-26 
5.273438e-02 1.557974e-26 
5.297852e-02 1.591954e-26 
5.322266e-02 1.598517e-26 
5.346680e-02 1.520661e-26 
5.371094e-02 1.448426e-26 
5.395508e-02 1.506982e-26 
5.419922e-02 1.488009e-26 
5.444336e-02 1.621843e-26 
5.468750e-02 1.618401e-26 
5.493164e-02 1.576543e-26 
5.517578e-02 1.529969e-26 
5.541992e-02 1.552871e-26 
5.566406e-02 1.693535e-26 
5.590820e-02 1.537366e-26 
5.615234e-02 1.426984e-26 
5.639648e-02 1.502634e-26 
5.664062e-02 1.535652e-26 
5.688477e-02 1.346521e-26 
5.712891e-02 1.487030e-26 
5.737305e-02 1.586761e-26 
5.761719e-02 1.465351e-26 
5.786133e-02 1.518750e-26 
5.810547e-02 1.386759e-26 
5.834961e-02 1.321321e-26 
5.859375e-02 1.377641e-26 
5.883789e-02 1.370009e-26 
5.908203e-02 1.470012e-26 
5.932617e-02 1.422366e-26 
5.957031e-02 1.484468e-26 
5.981445e-02 1.435582e-26 
6.005859e-02 1.478887e-26 
6.030273e-02 1.361172e-26 
6.054688e-02 1.363374e-26 
6.079102e-02 1.391163e-26 
6.103516e-02 1.498786e-26 
6.127930e-02 1.463497e-26 
6.152344e-02 1.474652e-26 
6.176758e-02 1.364635e-26 
6.201172e-02 1.435389e-26 
6.225586e-02 1.389215e-26 
6.250000e-02 1.304356e-26 
6.274414e-02 1.384085e-26 
6.298828e-02 1.369334e-26 
6.323242e-02 1.454044e-26 
6.347656e-02 1.420063e-26 
6.372070e-02 1.324170e-26 
6.396484e-02 1.378944e-26 
6.420898e-02 1.436347e-26 
6.445312e-02 1.449849e-26 
6.469727e-02 1.342010e-26 
6.494141e-02 1.311311e-26 
6.518555e-02 1.334680e-26 
6.542969e-02 1.383300e-26 
6.567383e-02 1.323493e-26 
6.591797e-02 1.247163e-26 
6.616211e-02 1.186249e-26 
6.640625e-02 1.169145e-26 
6.665039e-02 1.322484e-26 
6.689453e-02 1.232438e-26 
6.713867e-02 1.237524e-26 
6.738281e-02 1.236622e-26 
6.762695e-02 1.327543e-26 
6.787109e-02 1.386364e-26 
6.811523e-02 1.323820e-26 
6.835938e-02 1.388694e-26 
6.860352e-02 1.282621e-26 
6.884766e-02 1.231286e-26 
6.909180e-02 1.249086e-26 
6.933594e-02 1.272914e-26 
6.958008e-02 1.247023e-26 
6.982422e-02 1.220303e-26 
7.006836e-02 1.237585e-26 
7.031250e-02 1.244981e-26 
7.055664e-02 1.233869e-26 
7.080078e-02 1.182821e-26 
7.104492e-02 1.224135e-26 
7.128906e-02 1.223363e-26 
7.153320e-02 1.247718e-26 
7.177734e-02 1.235549e-26 
7.202148e-02 1.248988e-26 
7.226562e-02 1.113452e-26 
7.250977e-02 1.169624e-26 
7.275391e-02 1.220712e-26 
7.299805e-02 1.182309e-26 
7.324219e-02 1.255225e-26 
7.348633e-02 1.209795e-26 
7.373047e-02 1.135283e-26 
7.397461e-02 1.103124e-26 
7.421875e-02 1.174915e-26 
7.446289e-02 1.222761e-26 
7.470703e-02 1.209146e-26 
7.495117e-02 1.135783e-26 
7.519531e-02 1.114674e-26 
7.543945e-02 1.101205e-26 
7.568359e-02 1.126272e-26 
7.592773e-02 1.234766e-26 
7.617188e-02 1.149041e-26 
7.641602e-02 1.059136e-26 
7.666016e-02 1.058101e-26 
7.690430e-02 1.087749e-26 
7.714844e-02 1.148656e-26 
7.739258e-02 1.153006e-26 
7.763672e-02 1.049112e-26 
7.788086e-02 1.077084e-26 
7.812500e-02 1.114408e-26 
7.836914e-02 1.177385e-26 
7.861328e-02 1.122826e-26 
7.885742e-02 1.122596e-26 
7.910156e-02 1.092109e-26 
7.934570e-02 1.145036e-26 
7.958984e-02 1.035684e-26 
7.983398e-02 1.106858e-26 
8.007812e-02 1.060557e-26 
8.032227e-02 1.138945e-26 
8.056641e-02 1.099553e-26 
8.081055e-02 1.075129e-26 
8.105469e-02 9.970356e-27 
8.129883e-02 9.685870e-27 
8.154297e-02 1.076586e-26 
8.178711e-02 1.012453e-26 
8.203125e-02 1.050612e-26 
8.227539e-02 1.044237e-26 
8.251953e-02 1.005507e-26 
8.276367e-02 9.904124e-27 
8.300781e-02 9.447038e-27 
8.325195e-02 9.835489e-27 
8.349609e-02 9.726151e-27 
8.374023e-02 9.793109e-27 
8.398438e-02 9.375461e-27 
8.422852e-02 8.966344e-27 
8.447266e-02 9.182312e-27 
8.471680e-02 9.575129e-27 
8.496094e-02 9.800360e-27 
8.520508e-02 1.002582e-26 
8.544922e-02 1.007887e-26 
8.569336e-02 1.009312e-26 
8.593750e-02 9.201264e-27 
8.618164e-02 8.888432e-27 
8.642578e-02 9.203606e-27 
8.666992e-02 8.854929e-27 
8.691406e-02 8.922231e-27 
8.715820e-02 9.465024e-27 
8.740234e-02 9.592862e-27 
8.764648e-02 9.361695e-27 
8.789062e-02 9.370768e-27 
8.813477e-02 9.222424e-27 
8.837891e-02 9.365530e-27 
8.862305e-02 9.156374e-27 
8.886719e-02 9.263494e-27 
8.911133e-02 9.494942e-27 
8.935547e-02 9.453463e-27 
8.959961e-02 8.938966e-27 
8.984375e-02 8.899585e-27 
9.008789e-02 8.696986e-27 
9.033203e-02 8.100153e-27 
9.057617e-02 8.135801e-27 
9.082031e-02 7.802757e-27 
9.106445e-02 7.762772e-27 
9.130859e-02 8.177397e-27 
9.155273e-02 8.193470e-27 
9.179688e-02 8.293725e-27 
9.204102e-02 8.840871e-27 
9.228516e-02 8.365311e-27 
9.252930e-02 7.801108e-27 
9.277344e-02 7.833013e-27 
9.301758e-02 8.382547e-27 
9.326172e-02 8.504741e-27 
9.350586e-02 8.461822e-27 
9.375000e-02 7.944490e-27 
9.399414e-02 8.514313e-27 
9.423828e-02 8.885627e-27 
9.448242e-02 8.534614e-27 
9.472656e-02 8.149551e-27 
9.497070e-02 8.081201e-27 
9.521484e-02 7.776950e-27 
9.545898e-02 7.389128e-27 
9.570312e-02 7.706402e-27 
9.594727e-02 7.542942e-27 
9.619141e-02 7.818868e-27 
9.643555e-02 7.465282e-27 
9.667969e-02 7.601580e-27 
9.692383e-02 7.950232e-27 
9.716797e-02 8.468333e-27 
9.741211e-02 8.550338e-27 
9.765625e-02 8.248280e-27 
9.790039e-02 8.208262e-27 
9.814453e-02 7.849810e-27 
9.838867e-02 7.335043e-27 
9.863281e-02 7.818311e-27 
9.887695e-02 7.121564e-27 
9.912109e-02 7.296796e-27 
9.936523e-02 7.283029e-27 
9.960938e-02 7.324468e-27 
9.985352e-02 7.304078e-27 
1.000977e-01 6.912591e-27 
1.003418e-01 7.311412e-27 
1.005859e-01 7.554348e-27 
1.008301e-01 7.298937e-27 
1.010742e-01 7.636069e-27 
1.013184e-01 7.602688e-27 
1.015625e-01 7.487483e-27 
1.018066e-01 7.281852e-27 
1.020508e-01 7.236597e-27 
1.022949e-01 7.274231e-27 
1.025391e-01 7.383509e-27 
1.027832e-01 6.987301e-27 
1.030273e-01 6.866138e-27 
1.032715e-01 6.999217e-27 
1.035156e-01 6.868150e-27 
1.037598e-01 6.332429e-27 
1.040039e-01 6.515863e-27 
1.042480e-01 6.521088e-27 
1.044922e-01 6.791135e-27 
1.047363e-01 6.888982e-27 
1.049805e-01 6.965006e-27 
1.052246e-01 6.650382e-27 
1.054688e-01 6.746830e-27 
1.057129e-01 6.958954e-27 
1.059570e-01 7.098759e-27 
1.062012e-01 7.363549e-27 
1.064453e-01 7.071980e-27 
1.066895e-01 7.125801e-27 
1.069336e-01 7.008771e-27 
1.071777e-01 6.764783e-27 
1.074219e-01 6.570223e-27 
1.076660e-01 6.330134e-27 
1.079102e-01 6.503533e-27 
1.081543e-01 6.796899e-27 
1.083984e-01 6.669152e-27 
1.086426e-01 6.746186e-27 
1.088867e-01 6.908289e-27 
1.091309e-01 7.338735e-27 
1.093750e-01 7.004296e-27 
1.096191e-01 6.420212e-27 
1.098633e-01 6.245421e-27 
1.101074e-01 6.127352e-27 
1.103516e-01 6.440565e-27 
1.105957e-01 6.246556e-27 
1.108398e-01 6.040396e-27 
1.110840e-01 6.363210e-27 
1.113281e-01 6.216710e-27 
1.115723e-01 6.859691e-27 
1.118164e-01 6.600368e-27 
1.120605e-01 6.498368e-27 
1.123047e-01 6.339210e-27 
1.125488e-01 6.080041e-27 
1.127930e-01 6.055065e-27 
1.130371e-01 6.134338e-27 
1.132812e-01 6.341287e-27 
1.135254e-01 6.425019e-27 
1.137695e-01 6.400993e-27 
1.140137e-01 6.209402e-27 
1.142578e-01 6.222627e-27 
1.145020e-01 6.425637e-27 
1.147461e-01 6.556384e-27 
1.149902e-01 6.425680e-27 
1.152344e-01 5.865121e-27 
1.154785e-01 6.097224e-27 
1.157227e-01 6.555385e-27 
1.159668e-01 6.127307e-27 
1.162109e-01 5.781351e-27 
1.164551e-01 5.896856e-27 
1.166992e-01 5.475283e-27 
1.169434e-01 5.239692e-27 
1.171875e-01 5.900908e-27 
1.174316e-01 6.204596e-27 
1.176758e-01 6.187291e-27 
1.179199e-01 6.105692e-27 
1.181641e-01 5.707017e-27 
1.184082e-01 6.289755e-27 
1.186523e-01 5.642963e-27 
1.188965e-01 5.964936e-27 
1.191406e-01 5.823109e-27 
1.193848e-01 6.094645e-27 
1.196289e-01 6.426745e-27 
1.198730e-01 6.230717e-27 
1.201172e-01 6.104759e-27 
1.203613e-01 6.205334e-27 
1.206055e-01 6.161384e-27 
1.208496e-01 6.136820e-27 
1.210938e-01 5.965683e-27 
1.213379e-01 5.281973e-27 
1.215820e-01 5.465268e-27 
1.218262e-01 6.108691e-27 
1.220703e-01 6.009690e-27 
1.223145e-01 5.887436e-27 
1.225586e-01 5.713126e-27 
1.228027e-01 5.774103e-27 
1.230469e-01 6.303073e-27 
1.232910e-01 5.853870e-27 
1.235352e-01 5.991332e-27 
1.237793e-01 5.731798e-27 
1.240234e-01 5.659941e-27 
1.242676e-01 5.961274e-27 
1.245117e-01 6.388900e-27 
1.247559e-01 6.000335e-27 
1.250000e-01 5.623407e-27 
